1 0.596875 0.946875 0.04921875 0.0703125
1 0.55234375 0.9515625 0.0453125 0.06875
0 0.5546875 0.97109375 0.01015625 0.025
1 0.68515625 0.67421875 0.06328125 0.071875
4 0.6859375 0.678125 0.01171875 0.0203125
0 0.54296875 0.68359375 0.01171875 0.02421875
1 0.53984375 0.68671875 0.0484375 0.09296875
0 0.4375 0.7453125 0.0140625 0.02578125
4 0.64375 0.77109375 0.01328125 0.02421875
1 0.62734375 0.784375 0.0640625 0.09453125
1 0.4390625 0.78671875 0.0640625 0.14296875
0 0.49921875 0.8296875 0.0109375 0.02578125
4 0.521875 0.84921875 0.01015625 0.021875
1 0.5109375 0.86171875 0.0640625 0.09609375
0 0.56015625 0.8671875 0.01171875 0.025
1 0.5609375 0.87421875 0.04375 0.06953125
4 0.61953125 0.88125 0.0109375 0.02421875
1 0.60859375 0.8828125 0.0484375 0.096875