1 0.603125 0.32578125 0.03125 0.10078125
4 0.6078125 0.34609375 0.01015625 0.0234375
1 0.91328125 0.471875 0.04453125 0.06484375
0 0.915625 0.48359375 0.01484375 0.025
4 0.59296875 0.521875 0.01015625 0.0203125
1 0.584375 0.53125 0.05703125 0.075
4 0.675 0.55625 0.00859375 0.01796875
1 0.6609375 0.55703125 0.04609375 0.03984375
4 0.8484375 0.5890625 0.01484375 0.0203125
1 0.83125 0.6015625 0.0515625 0.06875
1 0.453125 0.60546875 0.028125 0.0703125
0 0.45 0.60625 0.01171875 0.0203125
1 0.80234375 0.6734375 0.02890625 0.14296875
4 0.81015625 0.6765625 0.0125 0.01953125
1 0.6703125 0.71875 0.04453125 0.07421875
1 0.496875 0.72578125 0.04296875 0.07890625
0 0.6796875 0.7265625 0.01015625 0.01875
0 0.4921875 0.72890625 0.01171875 0.02578125
1 0.675 0.8234375 0.034375 0.10859375
1 0.62578125 0.8265625 0.03828125 0.05078125
4 0.62890625 0.8265625 0.01171875 0.02109375
4 0.67734375 0.83125 0.0125 0.02421875
1 0.49140625 0.8359375 0.03046875 0.0796875
0 0.57890625 0.84765625 0.01328125 0.0234375
1 0.7109375 0.85859375 0.0359375 0.1015625
0 0.48671875 0.8640625 0.01328125 0.02109375
1 0.58046875 0.884375 0.04609375 0.125
4 0.72109375 0.89296875 0.01171875 0.0234375