2 0.4625 0.14375 0.08828125 0.0453125
1 0.2546875 0.19296875 0.11015625 0.08125
0 0.28984375 0.20078125 0.01328125 0.025
0 0.4234375 0.20703125 0.01171875 0.02421875
1 0.39765625 0.209375 0.08828125 0.05078125
0 0.33046875 0.221875 0.01484375 0.02421875
1 0.3109375 0.23515625 0.09921875 0.06640625
4 0.22734375 0.2625 0.01171875 0.01796875
1 0.20703125 0.26640625 0.09765625 0.03984375
3 0.41015625 0.0296875 0.07421875 0.05703125
0 0.328125 0.3203125 0.01171875 0.01640625
1 0.7984375 0.03203125 0.034375 0.0640625
1 0.30546875 0.328125 0.0859375 0.0515625
4 0.18203125 0.39921875 0.01796875 0.028125
1 0.1625 0.4015625 0.10546875 0.1140625
4 0.49453125 0.5734375 0.01015625 0.01953125
3 0.46796875 0.5765625 0.10859375 0.05078125
1 0.30078125 0.0609375 0.0125 0.02109375
3 0.178125 0.65859375 0.06484375 0.08046875
1 0.29453125 0.06875 0.065625 0.0515625
4 0.80859375 0.00859375 0.0140625 0.0171875