0 0.50390625 0.93046875 0.0125 0.0203125
4 0.4453125 0.14375 0.0125 0.0203125
1 0.44453125 0.15703125 0.03359375 0.05625
1 0.978125 0.36171875 0.0421875 0.053125
0 0.984375 0.3640625 0.01171875 0.02109375
1 0.03203125 0.371875 0.05390625 0.09921875
4 0.03515625 0.37421875 0.01015625 0.01640625
1 0.9859375 0.4453125 0.028125 0.046875
0 0.99609375 0.4484375 0.0078125 0.01953125
4 0.03515625 0.46796875 0.01015625 0.01796875
1 0.02890625 0.471875 0.0578125 0.06953125
1 0.98125 0.51484375 0.03671875 0.071875
0 0.9890625 0.52109375 0.0109375 0.0203125
4 0.02734375 0.5359375 0.01328125 0.02109375
1 0.0375 0.5390625 0.03203125 0.06328125
1 0.4640625 0.89453125 0.0546875 0.075
1 0.50078125 0.915625 0.02734375 0.05546875
0 0.47109375 0.92265625 0.01171875 0.01796875