4 0.50390625 0.09296875 0.01015625 0.01953125
1 0.4546875 0.09375 0.0328125 0.05546875
1 0.49453125 0.109375 0.06484375 0.06875
0 0.44140625 0.02734375 0.0109375 0.0234375
0 0.30859375 0.03125 0.0125 0.01953125
1 0.51015625 0.3140625 0.03984375 0.0890625
4 0.50078125 0.3171875 0.01015625 0.02109375
1 0.44765625 0.0375 0.05078125 0.075
4 0.52890625 0.04140625 0.01328125 0.021875
1 0.3140625 0.0484375 0.03828125 0.071875
1 0.525 0.05390625 0.0296875 0.075
1 0.5828125 0.0765625 0.03828125 0.0765625
4 0.58828125 0.078125 0.0125 0.021875
0 0.50859375 0.7796875 0.01171875 0.02421875
1 0.5109375 0.78203125 0.0203125 0.065625
0 0.44921875 0.090625 0.01328125 0.02109375