3 0.40390625 0.23359375 0.1328125 0.1015625
0 0.35390625 0.2609375 0.01328125 0.02578125
0 0.4875 0.63828125 0.01484375 0.0296875
4 0.56640625 0.659375 0.01328125 0.02421875
1 0.58125 0.6609375 0.05703125 0.059375
1 0.4984375 0.6734375 0.0703125 0.1
2 0.30703125 0.70390625 0.0734375 0.08125
2 0.3765625 0.74453125 0.078125 0.07421875
0 0.190625 0.746875 0.0140625 0.021875
4 0.40546875 0.7515625 0.015625 0.028125
4 0.43828125 0.7609375 0.01484375 0.03125
3 0.23515625 0.77421875 0.10859375 0.08046875
0 0.65234375 0.80078125 0.01640625 0.0296875
0 0.340625 0.809375 0.01484375 0.0203125
1 0.45078125 0.81640625 0.08203125 0.19609375
3 0.68046875 0.82265625 0.11328125 0.1359375
1 0.36953125 0.8265625 0.115625 0.09375