1 0.35078125 0.01328125 0.02421875 0.0265625
3 0.48671875 0.19921875 0.06328125 0.1109375
0 0.4765625 0.23046875 0.00703125 0.021875
0 0.35234375 0.23125 0.00859375 0.01640625
1 0.3265625 0.23203125 0.0703125 0.071875
0 0.32734375 0.03359375 0.00859375 0.01875
1 0.3296875 0.0359375 0.0171875 0.03125
4 0.603125 0.03828125 0.00703125 0.0140625
1 0.59921875 0.04296875 0.01953125 0.034375
1 0.59765625 0.50859375 0.04375 0.10625
1 0.4 0.53046875 0.04921875 0.1140625
4 0.58046875 0.55390625 0.00859375 0.01484375
1 0.46640625 0.565625 0.03046875 0.08203125
4 0.46875 0.56875 0.00859375 0.01640625
0 0.4203125 0.578125 0.00859375 0.015625
0 0.35078125 0.00625 0.0109375 0.0125
1 0.425 0.65703125 0.05625 0.08515625
0 0.4390625 0.66015625 0.00859375 0.01640625
4 0.59140625 0.06875 0.00703125 0.01328125
1 0.38359375 0.68671875 0.06953125 0.0640625
2 0.50234375 0.72265625 0.03203125 0.05859375
4 0.4953125 0.73125 0.00703125 0.01171875
1 0.59296875 0.075 0.02109375 0.0296875
0 0.33359375 0.78125 0.009375 0.01484375
3 0.31875 0.78828125 0.05703125 0.0796875
3 0.46640625 0.80234375 0.03203125 0.05078125
4 0.4765625 0.80546875 0.00859375 0.015625