1 0.2 0.14453125 0.10390625 0.11953125
4 0.165625 0.16875 0.0109375 0.02109375
0 0.06484375 0.2609375 0.01171875 0.02109375
1 0.06015625 0.28203125 0.0625 0.08671875
0 0.12578125 0.31015625 0.0125 0.0203125
1 0.13125 0.3140625 0.03359375 0.06484375
4 0.13125 0.390625 0.0109375 0.01640625
1 0.13984375 0.4 0.06484375 0.09609375
0 0.23515625 0.41171875 0.01171875 0.015625
1 0.2296875 0.4125 0.0421875 0.053125
1 0.03125 0.4125 0.04609375 0.1546875
4 0.021875 0.46171875 0.01171875 0.021875
0 0.09921875 0.47734375 0.01171875 0.01796875
1 0.10078125 0.4921875 0.03046875 0.0765625
2 0.0203125 0.4984375 0.040625 0.0453125
1 0.03515625 0.5125 0.06171875 0.15625
0 0.2234375 0.5265625 0.0125 0.0234375
1 0.2 0.53515625 0.0921875 0.059375
0 0.4953125 0.54375 0.01171875 0.02109375
1 0.4671875 0.5453125 0.10546875 0.06328125
1 0.06796875 0.615625 0.04921875 0.053125
4 0.0515625 0.63125 0.01171875 0.0234375