1 0.5984375 0.11328125 0.040625 0.034375
4 0.6015625 0.115625 0.0125 0.015625
1 0.56640625 0.14375 0.028125 0.0359375
0 0.2515625 0.14453125 0.00859375 0.01796875
4 0.57265625 0.14609375 0.01171875 0.01484375
4 0.59609375 0.15 0.01171875 0.01640625
1 0.59609375 0.153125 0.025 0.04296875
2 0.2640625 0.15546875 0.0296875 0.05390625
0 0.1703125 0.44921875 0.01015625 0.0140625
1 0.14921875 0.45546875 0.0859375 0.06328125
1 0.72578125 0.49453125 0.08046875 0.03984375
4 0.7078125 0.50078125 0.01015625 0.01328125
1 0.815625 0.52265625 0.10078125 0.0546875
2 0.11484375 0.52890625 0.0234375 0.03828125
1 0.19375 0.5359375 0.08984375 0.05078125
0 0.215625 0.5375 0.00859375 0.01796875
4 0.671875 0.55546875 0.009375 0.01484375
1 0.69609375 0.55703125 0.0875 0.04453125
1 0.16328125 0.60859375 0.07890625 0.065625
0 0.69140625 0.61171875 0.01015625 0.0203125
1 0.71875 0.61328125 0.09921875 0.05078125
0 0.184375 0.621875 0.01171875 0.01875