0 0.30546875 0.92890625 0.01875 0.034375
1 0.27890625 0.9453125 0.1140625 0.109375
1 0.3671875 0.95234375 0.0484375 0.0953125
4 0.375 0.96171875 0.0140625 0.0265625
0 0.45234375 0.23203125 0.01484375 0.03046875
3 0.415625 0.26875 0.13359375 0.15625
2 0.44765625 0.43203125 0.08984375 0.15859375
0 0.52421875 0.44296875 0.01796875 0.0265625
4 0.35390625 0.45546875 0.01328125 0.03203125
1 0.33671875 0.51328125 0.109375 0.18125
2 0.49765625 0.521875 0.08046875 0.1890625
0 0.75703125 0.5953125 0.01484375 0.03125
0 0.36328125 0.60703125 0.01796875 0.03828125
1 0.3390625 0.6546875 0.09765625 0.1890625
3 0.71640625 0.66953125 0.10234375 0.21171875
0 0.62890625 0.76171875 0.01640625 0.03046875
4 0.3390625 0.78203125 0.01484375 0.03125
1 0.6078125 0.8234375 0.065625 0.24296875
1 0.31640625 0.8234375 0.12734375 0.1453125