0 0.5796875 0.15390625 0.0109375 0.0234375
3 0.5984375 0.16171875 0.0765625 0.06328125
1 0.63984375 0.36328125 0.06875 0.04609375
4 0.61796875 0.36796875 0.0109375 0.01953125
0 0.5359375 0.41875 0.01171875 0.01796875
1 0.528125 0.43359375 0.0296875 0.05078125
1 0.75859375 0.45625 0.10546875 0.07578125
4 0.71640625 0.47578125 0.01015625 0.01953125
0 0.3609375 0.4765625 0.0140625 0.02109375
2 0.36015625 0.47734375 0.046875 0.146875
0 0.51015625 0.5265625 0.01171875 0.02109375
1 0.559375 0.5265625 0.08828125 0.11640625
1 0.49609375 0.53828125 0.04140625 0.11015625
4 0.521875 0.5734375 0.01171875 0.021875
4 0.5984375 0.5890625 0.01171875 0.02109375
1 0.44921875 0.59375 0.03984375 0.09140625
1 0.6140625 0.5953125 0.04609375 0.0609375
0 0.45390625 0.62578125 0.015625 0.0234375
3 0.58046875 0.6359375 0.05078125 0.08515625
0 0.58203125 0.64765625 0.009375 0.01953125
3 0.49609375 0.70234375 0.03203125 0.08046875
0 0.49921875 0.703125 0.01328125 0.025