0 0.49609375 0.09921875 0.00703125 0.0203125
3 0.496875 0.115625 0.03046875 0.05546875
4 0.04140625 0.38203125 0.01484375 0.0203125
1 0.04375 0.40078125 0.05 0.084375
1 0.04609375 0.46796875 0.06640625 0.07421875
0 0.95 0.47109375 0.0125 0.0234375
4 0.05703125 0.471875 0.01328125 0.01796875
1 0.96015625 0.4828125 0.0796875 0.090625
1 0.0578125 0.5640625 0.05546875 0.08046875
1 0.96328125 0.571875 0.07109375 0.0609375
0 0.9578125 0.57421875 0.01484375 0.01953125
4 0.0546875 0.57734375 0.01328125 0.01796875