1 0.428125 0.98515625 0.040625 0.0296875
1 0.525 0.1171875 0.1078125 0.08046875
4 0.55703125 0.13046875 0.01328125 0.02109375
1 0.58046875 0.29296875 0.06796875 0.14453125
0 0.59609375 0.334375 0.01015625 0.021875
1 0.69375 0.36953125 0.0984375 0.09375
1 0.490625 0.38203125 0.07421875 0.13359375
4 0.72265625 0.3953125 0.0125 0.02421875
4 0.5078125 0.40859375 0.0109375 0.0234375
1 0.70625 0.43046875 0.09296875 0.11953125
0 0.73046875 0.45703125 0.0125 0.021875
2 0.5828125 0.53828125 0.07265625 0.1546875
1 0.446875 0.5421875 0.0609375 0.18828125
1 0.70234375 0.56796875 0.05859375 0.17109375
1 0.54921875 0.57578125 0.04609375 0.18203125
4 0.45390625 0.5859375 0.01171875 0.02578125
0 0.7203125 0.61328125 0.01171875 0.01953125
0 0.55390625 0.63046875 0.01015625 0.021875
2 0.62421875 0.68046875 0.03984375 0.18984375
2 0.59453125 0.72421875 0.06953125 0.14296875
1 0.5109375 0.80390625 0.08984375 0.0890625
0 0.55 0.81484375 0.01015625 0.0203125