1 0.47890625 0.21328125 0.090625 0.090625
1 0.4703125 0.29296875 0.10390625 0.078125
4 0.4921875 0.29609375 0.01953125 0.034375
1 0.6 0.30546875 0.08984375 0.16484375
0 0.14765625 0.30546875 0.02109375 0.03359375
3 0.12109375 0.3109375 0.10234375 0.13828125
0 0.43125 0.33203125 0.01953125 0.034375
1 0.6328125 0.33828125 0.13046875 0.13671875
1 0.4046875 0.34921875 0.1015625 0.121875
3 0.14765625 0.38046875 0.00078125 0.0046875
4 0.68828125 0.38203125 0.01640625 0.02890625
4 0.3 0.50546875 0.01796875 0.03359375
1 0.24609375 0.52109375 0.178125 0.084375
0 0.553125 0.534375 0.01953125 0.03203125
2 0.5015625 0.57109375 0.13828125 0.1140625
3 0.796875 0.5828125 0.10234375 0.20625
0 0.79296875 0.63203125 0.01875 0.03359375
1 0.065625 0.67734375 0.13046875 0.265625
4 0.11015625 0.73046875 0.02109375 0.034375
1 0.4984375 0.00859375 0.11875 0.0171875