4 0.696875 0.1421875 0.01171875 0.02109375
3 0.6359375 0.15390625 0.06796875 0.11484375
0 0.646875 0.16328125 0.01328125 0.02578125
1 0.70859375 0.18359375 0.075 0.21484375
1 0.78203125 0.1859375 0.12890625 0.11953125
1 0.86953125 0.20078125 0.11171875 0.190625
0 0.8125 0.21171875 0.01328125 0.021875
0 0.91015625 0.240625 0.01328125 0.0234375
1 0.37109375 0.28046875 0.10625 0.09921875
1 0.83984375 0.2984375 0.09453125 0.08515625
4 0.3453125 0.29921875 0.01328125 0.0234375
4 0.7984375 0.3234375 0.01171875 0.0203125
3 0.4453125 0.33203125 0.0421875 0.11796875
0 0.43203125 0.37734375 0.01484375 0.0234375
0 0.5125 0.3828125 0.0140625 0.025
1 0.53359375 0.3921875 0.06953125 0.1234375
1 0.7984375 0.56953125 0.06484375 0.0703125
0 0.8140625 0.58984375 0.01484375 0.02421875
4 0.82109375 0.6390625 0.0140625 0.0265625
1 0.865625 0.65390625 0.11484375 0.090625
4 0.928125 0.82890625 0.015625 0.0203125
3 0.88828125 0.8515625 0.11640625 0.13515625