0 0.6921875 0.3234375 0.02578125 0.03671875
4 0.54296875 0.3515625 0.02109375 0.03828125
1 0.6453125 0.3671875 0.1546875 0.16015625
2 0.665625 0.39140625 0.1671875 0.23203125
1 0.5171875 0.41015625 0.1046875 0.209375
0 0.81328125 0.44375 0.015625 0.02421875
4 0.45703125 0.4734375 0.01875 0.034375
1 0.775 0.5 0.1265625 0.2203125
1 0.4390625 0.54453125 0.1 0.25703125
4 0.515625 0.56953125 0.01640625 0.03046875
1 0.47734375 0.575 0.096875 0.090625
4 0.58671875 0.6125 0.01875 0.0359375
0 0.2234375 0.615625 0.01796875 0.03359375
3 0.20546875 0.61875 0.11796875 0.07578125
0 0.91015625 0.621875 0.01796875 0.0390625
2 0.63125 0.63984375 0.0890625 0.19609375
1 0.5484375 0.65234375 0.15234375 0.15625
3 0.84609375 0.65703125 0.17109375 0.196875