4 0.3078125 0.50703125 0.0109375 0.01875
1 0.30390625 0.51875 0.04609375 0.05546875
1 0.33984375 0.55 0.03359375 0.06875
0 0.33515625 0.5515625 0.009375 0.01796875
1 0.13203125 0.5703125 0.0859375 0.07421875
4 0.153125 0.6 0.01015625 0.01875
1 0.0578125 0.603125 0.10703125 0.06796875
4 0.0828125 0.61875 0.01328125 0.01875
1 0.23203125 0.6296875 0.1 0.06640625
1 0.30625 0.63125 0.06796875 0.075
0 0.33046875 0.63359375 0.00859375 0.01796875
4 0.26328125 0.6375 0.01015625 0.01953125
1 0.403125 0.63984375 0.05234375 0.10390625
0 0.41875 0.6421875 0.01015625 0.01796875
1 0.21015625 0.69453125 0.08984375 0.05390625
4 0.22734375 0.69921875 0.0109375 0.01796875
1 0.340625 0.71875 0.0390625 0.04453125
0 0.3453125 0.721875 0.01015625 0.01796875
1 0.33828125 0.796875 0.04765625 0.06328125
4 0.33125 0.8171875 0.01171875 0.0234375