1 0.2359375 0.96640625 0.040625 0.06640625
0 0.23046875 0.9890625 0.01015625 0.021875
0 0.025 0.2640625 0.0125 0.0234375
1 0.0375 0.28125 0.04765625 0.05703125
1 0.17265625 0.35859375 0.05234375 0.06484375
4 0.18203125 0.36171875 0.01171875 0.02421875
0 0.0375 0.37421875 0.01640625 0.028125
1 0.03046875 0.37578125 0.0609375 0.0640625
1 0.27109375 0.38984375 0.05078125 0.0703125
4 0.2796875 0.39375 0.01484375 0.025
4 0.23828125 0.453125 0.01640625 0.02109375
1 0.21015625 0.46328125 0.1 0.06015625
1 0.27265625 0.48203125 0.08046875 0.065625
1 0.015625 0.4859375 0.03125 0.05078125
4 0.27890625 0.49375 0.01171875 0.0234375
4 0.17265625 0.54296875 0.01171875 0.02109375
1 0.33046875 0.54609375 0.03984375 0.065625
1 0.15625 0.553125 0.10078125 0.05390625
4 0.3359375 0.559375 0.0171875 0.021875
1 0.021875 0.565625 0.04375 0.040625
1 0.15078125 0.71328125 0.096875 0.0484375
4 0.1625 0.7171875 0.01171875 0.01953125