1 0.4390625 0.9578125 0.0453125 0.06171875
0 0.4515625 0.9671875 0.01171875 0.025
4 0.49765625 0.1640625 0.01015625 0.021875
1 0.49375 0.17890625 0.02421875 0.0859375
4 0.06015625 0.3734375 0.015625 0.01796875
1 0.05625 0.378125 0.06953125 0.08125
0 0.98828125 0.4015625 0.0125 0.01953125
1 0.98046875 0.403125 0.0390625 0.05078125
4 0.0203125 0.40703125 0.01171875 0.01875
1 0.02890625 0.42421875 0.0359375 0.075
1 0.01875 0.471875 0.0375 0.04453125
1 0.0625 0.47421875 0.08046875 0.05
4 0.00859375 0.47421875 0.015625 0.02109375
4 0.071875 0.475 0.01484375 0.0203125
0 0.99140625 0.48671875 0.01484375 0.0203125
1 0.9796875 0.4875 0.040625 0.0546875
1 0.0125 0.54453125 0.02421875 0.04296875
4 0.0375 0.55 0.01328125 0.0203125
1 0.04921875 0.55234375 0.04375 0.0734375
1 0.95625 0.56875 0.05234375 0.078125
0 0.959375 0.57265625 0.01015625 0.01796875
1 0.4953125 0.87109375 0.02578125 0.07109375
0 0.49765625 0.89140625 0.01015625 0.02578125