1 0.746875 0.92578125 0.04453125 0.05546875
4 0.7546875 0.94140625 0.01015625 0.01953125
4 0.43515625 0.109375 0.009375 0.021875
1 0.4328125 0.1203125 0.0234375 0.06875
1 0.09609375 0.4140625 0.096875 0.05078125
0 0.12109375 0.41875 0.0109375 0.01953125
1 0.109375 0.47109375 0.08046875 0.04921875
0 0.1390625 0.47421875 0.01015625 0.01953125
4 0.82109375 0.47734375 0.0125 0.01953125
0 0.0296875 0.48828125 0.009375 0.01640625
1 0.025 0.48828125 0.05 0.0390625
1 0.85234375 0.48984375 0.08828125 0.06640625
1 0.79296875 0.50703125 0.08984375 0.065625
4 0.77421875 0.515625 0.0125 0.01953125
1 0.9125 0.51640625 0.07578125 0.05390625
4 0.89375 0.521875 0.0109375 0.01953125
1 0.07578125 0.55390625 0.08984375 0.06171875
0 0.09765625 0.55859375 0.01171875 0.015625
1 0.8171875 0.571875 0.08671875 0.05859375
4 0.79375 0.58203125 0.009375 0.01953125
1 0.41953125 0.778125 0.02578125 0.06015625
4 0.4171875 0.79453125 0.00859375 0.01796875
1 0.13203125 0.8578125 0.05859375 0.06015625
0 0.12265625 0.86328125 0.01171875 0.01796875
1 0.39609375 0.884375 0.025 0.046875
0 0.39375 0.88828125 0.00859375 0.01953125