0 0.00859375 0.31171875 0.01328125 0.02109375
1 0.01953125 0.3265625 0.03671875 0.06328125
0 0.0796875 0.328125 0.01328125 0.021875
1 0.08828125 0.340625 0.03203125 0.06796875
4 0.14140625 0.39453125 0.0125 0.01640625
1 0.15234375 0.39765625 0.03515625 0.0734375
0 0.20078125 0.41171875 0.0125 0.021875
1 0.19765625 0.4125 0.04296875 0.05625
4 0.040625 0.44140625 0.0125 0.02109375
1 0.06171875 0.45703125 0.0796875 0.08046875
0 0.05234375 0.49375 0.01171875 0.01875
1 0.0546875 0.49609375 0.0265625 0.04453125
1 0.01953125 0.503125 0.0390625 0.05078125
1 0.290625 0.51796875 0.10234375 0.0734375
1 0.1421875 0.53046875 0.0453125 0.05625
0 0.13203125 0.53671875 0.0125 0.021875
0 0.3171875 0.53671875 0.01328125 0.021875
1 0.07109375 0.6078125 0.046875 0.04375
4 0.05546875 0.61484375 0.01328125 0.02421875
1 0.08203125 0.71171875 0.059375 0.06171875
0 0.06015625 0.715625 0.01171875 0.0265625
0 0.27734375 0.07734375 0.01171875 0.0234375
1 0.296875 0.08203125 0.08203125 0.06015625