0 0.62734375 0.28125 0.01640625 0.03828125
3 0.6734375 0.321875 0.18125 0.13203125
1 0.59921875 0.040625 0.05078125 0.08125
1 0.54296875 0.04140625 0.0359375 0.0828125
1 0.50859375 0.4828125 0.15 0.1640625
0 0.5515625 0.50390625 0.01953125 0.03125
0 0.4421875 0.565625 0.01640625 0.028125
1 0.20859375 0.05859375 0.07890625 0.1140625
4 0.54453125 0.5875 0.01640625 0.03046875
2 0.40546875 0.621875 0.08515625 0.1453125
2 0.3109375 0.6328125 0.05390625 0.16171875
1 0.58125 0.640625 0.14140625 0.190625
4 0.2171875 0.0671875 0.0203125 0.0359375
0 0.3015625 0.69453125 0.01796875 0.03203125
2 0.4375 0.715625 0.05 0.15078125
0 0.828125 0.78125 0.0203125 0.03515625
1 0.36796875 0.81953125 0.18203125 0.09609375
4 0.32109375 0.8234375 0.02109375 0.03046875
3 0.87734375 0.88046875 0.14453125 0.2390625
4 0.61953125 0.91953125 0.015625 0.028125
1 0.66484375 0.925 0.1671875 0.15