4 0.67734375 0.92578125 0.01171875 0.0203125
1 0.9421875 0.93046875 0.0484375 0.09921875
1 0.834375 0.9390625 0.05 0.090625
1 0.89453125 0.95703125 0.03359375 0.05859375
4 0.8171875 0.96171875 0.0125 0.02109375
4 0.9234375 0.96875 0.01328125 0.021875
4 0.90390625 0.975 0.01484375 0.0203125
0 0.29296875 0.2671875 0.01171875 0.0234375
1 0.27734375 0.31875 0.06953125 0.21015625
2 0.42890625 0.3359375 0.07578125 0.07109375
4 0.38046875 0.33984375 0.01171875 0.01875
0 0.30859375 0.34296875 0.0125 0.025
1 0.359375 0.37109375 0.08671875 0.11875
1 0.31015625 0.37421875 0.0296875 0.10078125
4 0.4890625 0.375 0.009375 0.0203125
1 0.4734375 0.39921875 0.1078125 0.08359375
0 0.2203125 0.4015625 0.01171875 0.0203125
1 0.22890625 0.403125 0.05625 0.0453125
4 0.30625 0.44921875 0.01171875 0.0203125
1 0.303125 0.453125 0.05703125 0.05546875
4 0.375 0.47109375 0.01171875 0.021875
1 0.35078125 0.50546875 0.09453125 0.09140625
0 0.36015625 0.525 0.01171875 0.02421875
1 0.36953125 0.5359375 0.03984375 0.06875
4 0.36796875 0.69453125 0.01015625 0.0203125
1 0.35390625 0.7015625 0.09453125 0.0484375
0 0.38984375 0.7875 0.01328125 0.025
1 0.38359375 0.796875 0.04140625 0.071875
0 0.55625 0.79921875 0.0140625 0.0265625
2 0.578125 0.840625 0.0734375 0.11015625
4 0.51640625 0.86875 0.01484375 0.021875
2 0.525 0.86953125 0.04140625 0.096875
1 0.66875 0.89375 0.03125 0.08046875