1 0.82578125 0.2984375 0.08125 0.05546875
0 0.8625 0.3 0.0109375 0.021875
0 0.94453125 0.32109375 0.01484375 0.01953125
1 0.9359375 0.33046875 0.07890625 0.059375
1 0.83984375 0.38203125 0.05 0.10546875
4 0.8546875 0.40546875 0.01015625 0.0203125
4 0.8796875 0.434375 0.01328125 0.02109375
1 0.90625 0.4484375 0.09140625 0.08515625
0 0.88203125 0.46484375 0.0140625 0.021875
1 0.86171875 0.4703125 0.05625 0.05
1 0.7203125 0.53828125 0.10625 0.06171875
4 0.74921875 0.5421875 0.01171875 0.01796875
1 0.94765625 0.54375 0.09765625 0.10546875
4 0.9203125 0.578125 0.0109375 0.02109375
2 0.9703125 0.6265625 0.05859375 0.07421875
1 0.5046875 0.765625 0.034375 0.084375
4 0.503125 0.7875 0.01171875 0.01953125