4 0.52109375 0.246875 0.00625 0.01171875
2 0.52578125 0.2484375 0.01953125 0.07890625
4 0.5296875 0.25 0.0078125 0.01875
4 0.40546875 0.25 0.01171875 0.01875
0 0.5125 0.25078125 0.00859375 0.01640625
1 0.38515625 0.2640625 0.08203125 0.04453125
2 0.4921875 0.28359375 0.05078125 0.0859375
2 0.53984375 0.29375 0.04140625 0.115625
0 0.5125 0.33203125 0.00703125 0.0140625
4 0.4921875 0.33671875 0.00859375 0.01796875
2 0.5125 0.3390625 0.02265625 0.05546875
2 0.5859375 0.3484375 0.03359375 0.08828125
2 0.49453125 0.365625 0.02265625 0.10390625
0 0.58984375 0.38203125 0.01171875 0.015625
2 0.56015625 0.44453125 0.05078125 0.09140625
2 0.3640625 0.53125 0.03984375 0.08515625
1 0.421875 0.8296875 0.02890625 0.06484375
4 0.41953125 0.83671875 0.00625 0.01484375