1 0.784375 0.94453125 0.09609375 0.03671875
1 0.6609375 0.39609375 0.0734375 0.0765625
0 0.68984375 0.4078125 0.0125 0.01953125
1 0.92890625 0.4671875 0.04765625 0.14375
4 0.9265625 0.4984375 0.01328125 0.021875
1 0.653125 0.5390625 0.0734375 0.0796875
1 0.965625 0.54140625 0.0296875 0.11640625
0 0.66953125 0.54609375 0.01171875 0.02109375
4 0.975 0.56328125 0.01171875 0.02109375
4 0.83046875 0.5734375 0.01328125 0.025
1 0.815625 0.57734375 0.05859375 0.065625
4 0.89921875 0.58359375 0.01328125 0.0234375
1 0.89375 0.590625 0.03515625 0.08125
0 0.71640625 0.62109375 0.01328125 0.021875
1 0.69296875 0.6234375 0.084375 0.1046875
1 0.9515625 0.62890625 0.06171875 0.09140625
4 0.9421875 0.63671875 0.01484375 0.02109375
1 0.8015625 0.6734375 0.0515625 0.06484375
4 0.803125 0.69453125 0.01015625 0.01953125
1 0.8140625 0.8234375 0.04375 0.05703125
0 0.821875 0.83515625 0.01328125 0.02578125
1 0.57109375 0.84765625 0.021875 0.05078125
0 0.57109375 0.8609375 0.01171875 0.01796875
1 0.2171875 0.8671875 0.0390625 0.096875
0 0.2140625 0.875 0.01328125 0.0203125