1 0.63671875 0.93046875 0.0671875 0.08125
4 0.6140625 0.9375 0.01015625 0.0234375
2 0.35859375 0.94140625 0.05546875 0.0609375
4 0.3359375 0.95859375 0.01015625 0.021875
1 0.5015625 0.15859375 0.0734375 0.1359375
0 0.48515625 0.2140625 0.00859375 0.0203125
1 0.5234375 0.60859375 0.0984375 0.08671875
1 0.46015625 0.61484375 0.06640625 0.0796875
0 0.49609375 0.61875 0.0125 0.02109375
1 0.28984375 0.64921875 0.06328125 0.078125
1 0.40078125 0.671875 0.05078125 0.04453125
4 0.571875 0.684375 0.01171875 0.021875
1 0.59609375 0.6890625 0.10390625 0.06484375
2 0.3390625 0.7390625 0.04140625 0.07421875
1 0.50234375 0.76875 0.10546875 0.06484375
0 0.478125 0.76875 0.01015625 0.01796875
1 0.353125 0.778125 0.07890625 0.065625
0 0.3234375 0.79765625 0.009375 0.01796875
1 0.453125 0.82109375 0.08125 0.06484375
0 0.41875 0.8359375 0.01015625 0.025
2 0.34609375 0.86875 0.034375 0.10859375