1 0.6234375 0.9671875 0.028125 0.065625
0 0.62734375 0.98125 0.0140625 0.0296875
0 0.9296875 0.4359375 0.01328125 0.021875
1 0.909375 0.44375 0.05703125 0.090625
4 0.7015625 0.471875 0.01171875 0.0203125
1 0.6359375 0.48359375 0.03515625 0.1546875
1 0.72265625 0.49140625 0.09453125 0.10390625
4 0.63359375 0.521875 0.01171875 0.025
4 0.93671875 0.54453125 0.01484375 0.02421875
4 0.725 0.55078125 0.0109375 0.01875
1 0.94140625 0.55859375 0.07734375 0.078125
0 0.5375 0.571875 0.0140625 0.025
4 0.87890625 0.5828125 0.0125 0.02109375
1 0.878125 0.58359375 0.03046875 0.084375
1 0.70859375 0.5859375 0.0453125 0.090625
1 0.53359375 0.59296875 0.06796875 0.14140625
1 0.75859375 0.6515625 0.04296875 0.0484375
4 0.77109375 0.66171875 0.015625 0.0296875
1 0.75390625 0.684375 0.05546875 0.0484375
4 0.77109375 0.6890625 0.01328125 0.0234375
2 0.5390625 0.70390625 0.05390625 0.0703125
1 0.49609375 0.72578125 0.11484375 0.121875
1 0.80703125 0.74921875 0.0546875 0.075
0 0.5234375 0.75546875 0.01328125 0.02421875
4 0.80546875 0.75546875 0.015625 0.0296875
1 0.721875 0.7640625 0.0609375 0.075
0 0.73515625 0.77109375 0.01171875 0.025