1 0.71015625 0.01640625 0.0703125 0.0328125
2 0.75 0.21640625 0.04140625 0.175
1 0.57265625 0.27734375 0.04609375 0.103125
1 0.7078125 0.3015625 0.04921875 0.109375
0 0.565625 0.3140625 0.01015625 0.01484375
1 0.49140625 0.3265625 0.08359375 0.134375
1 0.67734375 0.36640625 0.07265625 0.11640625
4 0.525 0.37734375 0.0109375 0.0140625
4 0.69765625 0.40625 0.01484375 0.02578125
2 0.5890625 0.45625 0.06796875 0.096875
1 0.55234375 0.0484375 0.03671875 0.065625
0 0.6015625 0.48828125 0.01328125 0.02421875
4 0.5625 0.05390625 0.01015625 0.028125
3 0.8953125 0.6859375 0.11328125 0.1140625
0 0.8640625 0.69296875 0.0140625 0.021875
0 0.559375 0.72109375 0.0140625 0.02421875
1 0.58046875 0.771875 0.05625 0.13359375