1 0.721875 0.93125 0.05546875 0.05703125
0 0.734375 0.9390625 0.01171875 0.0234375
1 0.62734375 0.1671875 0.10234375 0.07109375
4 0.65546875 0.1875 0.01015625 0.02109375
2 0.6046875 0.3671875 0.06640625 0.0546875
1 0.72578125 0.56328125 0.046875 0.1015625
2 0.59375 0.5640625 0.059375 0.15390625
0 0.73984375 0.58359375 0.01171875 0.02578125
2 0.63046875 0.59140625 0.040625 0.159375
4 0.66796875 0.59921875 0.0125 0.0203125
1 0.771875 0.60546875 0.07265625 0.1609375
2 0.696875 0.61171875 0.04453125 0.06171875
1 0.66640625 0.61484375 0.0390625 0.071875
0 0.7859375 0.640625 0.01171875 0.025
4 0.57421875 0.7765625 0.01171875 0.02421875
1 0.56484375 0.77890625 0.03984375 0.09921875