1 0.67734375 0.9640625 0.07578125 0.071875
0 0.90859375 0.134375 0.01328125 0.0203125
1 0.88828125 0.1359375 0.06484375 0.09140625
1 0.0703125 0.39375 0.11484375 0.071875
1 0.1671875 0.40234375 0.1171875 0.05078125
4 0.1328125 0.4078125 0.0109375 0.01953125
4 0.03515625 0.40859375 0.0140625 0.02109375
1 0.95546875 0.51015625 0.0890625 0.0359375
4 0.26328125 0.51328125 0.0109375 0.02109375
4 0.2625 0.5140625 0.009375 0.01953125
1 0.29453125 0.51484375 0.12265625 0.05
1 0.4953125 0.5453125 0.04921875 0.121875
4 0.4921875 0.59296875 0.00859375 0.021875
4 0.14609375 0.67109375 0.01171875 0.0234375
1 0.18515625 0.6734375 0.125 0.07109375
0 0.97734375 0.74453125 0.01015625 0.01875
1 0.9421875 0.77265625 0.1140625 0.14921875
0 0.68671875 0.85859375 0.01328125 0.028125
1 0.94609375 0.859375 0.05390625 0.103125
1 0.70234375 0.8765625 0.06640625 0.125
0 0.9578125 0.8921875 0.01171875 0.0234375