1 0.71328125 0.9640625 0.053125 0.0484375
4 0.70546875 0.96953125 0.01328125 0.0203125
1 0.4484375 0.103125 0.0328125 0.05859375
4 0.4515625 0.11171875 0.009375 0.02109375
1 0.246875 0.39453125 0.08671875 0.07109375
0 0.26953125 0.409375 0.01171875 0.01640625
1 0.13125 0.434375 0.09296875 0.053125
0 0.15546875 0.43984375 0.01015625 0.01640625
2 0.26015625 0.46015625 0.07734375 0.05
0 0.28671875 0.46796875 0.01015625 0.0203125
1 0.6859375 0.49375 0.0765625 0.04140625
4 0.60859375 0.5203125 0.00859375 0.0203125
1 0.63828125 0.521875 0.08203125 0.05078125
1 0.203125 0.5484375 0.07890625 0.05390625
0 0.2296875 0.5609375 0.00859375 0.0140625
4 0.75078125 0.56640625 0.01484375 0.01875
1 0.77890625 0.56875 0.08671875 0.06171875
4 0.64609375 0.6015625 0.0125 0.01875
1 0.66953125 0.61328125 0.09453125 0.0734375
1 0.40859375 0.77421875 0.03046875 0.084375
4 0.4046875 0.7765625 0.01015625 0.0234375
1 0.1109375 0.81015625 0.0578125 0.07578125
0 0.1015625 0.81953125 0.01484375 0.02109375
2 0.38046875 0.8953125 0.03046875 0.05703125