0 0.3609375 0.009375 0.00859375 0.01484375
1 0.36328125 0.01640625 0.01953125 0.0296875
0 0.29765625 0.18671875 0.01015625 0.02109375
1 0.27421875 0.18828125 0.084375 0.0609375
0 0.33515625 0.0203125 0.009375 0.0203125
3 0.50625 0.22109375 0.07421875 0.0734375
0 0.475 0.23359375 0.01015625 0.021875
1 0.33671875 0.02578125 0.021875 0.0390625
4 0.61171875 0.0265625 0.01015625 0.01796875
1 0.603125 0.0359375 0.03046875 0.04140625
1 0.35 0.390625 0.07109375 0.11875
0 0.3703125 0.41640625 0.01171875 0.01796875
2 0.42265625 0.4234375 0.065625 0.12421875
2 0.5703125 0.42421875 0.06484375 0.07421875
1 0.28046875 0.42421875 0.06875 0.0859375
0 0.30859375 0.43984375 0.01171875 0.0203125
1 0.72265625 0.4484375 0.09140625 0.059375
4 0.696875 0.45234375 0.01015625 0.01796875
2 0.50546875 0.46796875 0.05390625 0.109375
1 0.60546875 0.4703125 0.0625 0.04296875
0 0.4421875 0.47109375 0.01171875 0.01640625
4 0.48515625 0.50625 0.01015625 0.01875
2 0.38828125 0.51640625 0.05859375 0.08671875
0 0.41015625 0.53046875 0.0109375 0.025
4 0.603125 0.059375 0.0078125 0.01875
0 0.33984375 0.79140625 0.0109375 0.01875
4 0.48515625 0.7984375 0.009375 0.015625
3 0.3515625 0.8171875 0.04296875 0.10859375
3 0.48984375 0.81953125 0.02421875 0.05703125
1 0.5984375 0.08203125 0.0359375 0.06640625