1 0.515625 0.98046875 0.040625 0.0390625
0 0.37734375 0.25625 0.01484375 0.03125
3 0.3734375 0.32421875 0.0421875 0.18515625
4 0.3765625 0.034375 0.0109375 0.03359375
1 0.3828125 0.04140625 0.03046875 0.08203125
1 0.87578125 0.40703125 0.12109375 0.06484375
4 0.8453125 0.4140625 0.01640625 0.028125
1 0.8921875 0.46171875 0.1203125 0.05859375
4 0.86875 0.46640625 0.01484375 0.02578125
1 0.94765625 0.5390625 0.08203125 0.05703125
4 0.93671875 0.54140625 0.01328125 0.01953125
0 0.0078125 0.60859375 0.01015625 0.01875
1 0.0265625 0.60859375 0.05234375 0.028125