4 0.67421875 0.9265625 0.009375 0.01796875
1 0.97734375 0.346875 0.04453125 0.06171875
4 0.99296875 0.36328125 0.0125 0.01953125
1 0.2484375 0.47578125 0.1046875 0.06171875
0 0.22578125 0.47890625 0.01015625 0.01796875
2 0.51171875 0.49375 0.03984375 0.0640625
4 0.39765625 0.50703125 0.01171875 0.02109375
1 0.421875 0.5140625 0.06171875 0.053125
1 0.99140625 0.53046875 0.0171875 0.0328125
1 0.45703125 0.6546875 0.11796875 0.071875
0 0.4203125 0.6765625 0.009375 0.02109375
0 0.1453125 0.7734375 0.0125 0.01953125
1 0.15546875 0.78671875 0.06484375 0.159375
1 0.77265625 0.82421875 0.11796875 0.0609375
0 0.73671875 0.83125 0.0109375 0.021875
1 0.18515625 0.89296875 0.04140625 0.059375
4 0.18046875 0.896875 0.01171875 0.0203125
1 0.6515625 0.92578125 0.10859375 0.0546875