2 0.68046875 0.9421875 0.06640625 0.07109375
4 0.9203125 0.94296875 0.0125 0.01875
1 0.93359375 0.94609375 0.06953125 0.07578125
0 0.65859375 0.94765625 0.01015625 0.0140625
1 0.76484375 0.11875 0.103125 0.05546875
4 0.7953125 0.121875 0.01328125 0.0234375
0 0.20703125 0.24296875 0.0125 0.02578125
1 0.19140625 0.24609375 0.05546875 0.09375
2 0.77734375 0.33359375 0.05078125 0.0546875
2 0.8359375 0.36796875 0.09140625 0.07421875
2 0.84921875 0.3875 0.04609375 0.07109375
0 0.69375 0.409375 0.01484375 0.02421875
1 0.66796875 0.41953125 0.109375 0.08125
2 0.83828125 0.434375 0.09765625 0.059375
0 0.86796875 0.43984375 0.01328125 0.021875
1 0.7375 0.471875 0.0859375 0.08671875
4 0.80703125 0.55390625 0.0125 0.021875
1 0.77578125 0.56328125 0.09453125 0.05859375
4 0.71953125 0.67421875 0.01015625 0.0234375
1 0.69296875 0.67578125 0.10546875 0.096875