1 0.5609375 0.959375 0.05 0.08046875
0 0.553125 0.97109375 0.01640625 0.034375
0 0.49296875 0.0171875 0.0140625 0.03203125
0 0.6203125 0.2828125 0.0171875 0.03046875
3 0.6453125 0.328125 0.12265625 0.15390625
1 0.54140625 0.04140625 0.0453125 0.08203125
2 0.46015625 0.4328125 0.06875 0.065625
0 0.44453125 0.44765625 0.01640625 0.03203125
1 0.49609375 0.05078125 0.03515625 0.10078125
1 0.19375 0.0546875 0.07265625 0.109375
0 0.51953125 0.57578125 0.01484375 0.03203125
2 0.32421875 0.615625 0.0921875 0.13984375
1 0.54375 0.62734375 0.1234375 0.20625
1 0.42109375 0.65859375 0.15234375 0.20546875
4 0.203125 0.071875 0.0171875 0.03203125
0 0.3875 0.71953125 0.01796875 0.034375
0 0.76328125 0.75625 0.015625 0.0296875
1 0.65625 0.83359375 0.14765625 0.11875
0 0.625 0.85703125 0.01484375 0.03046875
3 0.80234375 0.85859375 0.1 0.23359375