0 0.23046875 0.95625 0.01953125 0.034375
3 0.6234375 0.14609375 0.12578125 0.17109375
1 0.43515625 0.15703125 0.08984375 0.21484375
4 0.4078125 0.196875 0.015625 0.03203125
0 0.57734375 0.21328125 0.03046875 0.04375
1 0.4671875 0.3140625 0.10234375 0.13984375
0 0.42578125 0.36328125 0.0171875 0.03046875
1 0.2921875 0.40546875 0.13203125 0.12890625
4 0.25234375 0.43359375 0.015625 0.0359375
1 0.546875 0.4609375 0.11640625 0.17890625
4 0.5109375 0.50390625 0.01640625 0.03046875
2 0.396875 0.5578125 0.15703125 0.103125
4 0.359375 0.58125 0.02578125 0.03984375
1 0.590625 0.60390625 0.1296875 0.2
1 0.4421875 0.65703125 0.11953125 0.184375
0 0.56015625 0.659375 0.01796875 0.03515625
1 0.2640625 0.67890625 0.13984375 0.14375
0 0.41015625 0.6984375 0.01953125 0.03828125
0 0.23203125 0.72109375 0.01953125 0.03125
3 0.6703125 0.7296875 0.10703125 0.2390625
2 0.29453125 0.79140625 0.10234375 0.12421875
0 0.628125 0.79375 0.0171875 0.0359375
3 0.26328125 0.89140625 0.09375 0.1796875