2 0.4515625 0.24375 0.0859375 0.08984375
4 0.30390625 0.2515625 0.01640625 0.03359375
0 0.41328125 0.27734375 0.015625 0.0265625
4 0.35234375 0.284375 0.01171875 0.02578125
1 0.396875 0.296875 0.0875 0.16953125
1 0.2875 0.30390625 0.07109375 0.17421875
2 0.33828125 0.3109375 0.07265625 0.11796875
0 0.34921875 0.3609375 0.01328125 0.03125
1 0.553125 0.403125 0.02734375 0.17421875
1 0.3296875 0.440625 0.05546875 0.221875
0 0.51640625 0.49609375 0.015625 0.025
0 0.69453125 0.528125 0.01875 0.02890625
1 0.4765625 0.55 0.09765625 0.14296875
3 0.6734375 0.58828125 0.06796875 0.203125
0 0.50859375 0.66171875 0.0140625 0.03359375
1 0.484375 0.71953125 0.10390625 0.190625
0 0.1890625 0.74453125 0.01640625 0.03046875
3 0.1734375 0.76953125 0.0734375 0.13359375
4 0.40703125 0.78203125 0.0140625 0.03515625
1 0.41953125 0.83359375 0.05390625 0.24140625