1 0.50859375 0.94453125 0.05625 0.05703125
0 0.52578125 0.95703125 0.01171875 0.02109375
1 0.47734375 0.10078125 0.05390625 0.11484375
0 0.48828125 0.1125 0.01171875 0.0265625
0 0.4765625 0.3390625 0.0078125 0.02109375
1 0.45078125 0.36640625 0.0671875 0.0984375
4 0.553125 0.3703125 0.00859375 0.01875
0 0.390625 0.40078125 0.01171875 0.02109375
1 0.56875 0.40234375 0.06953125 0.11796875
2 0.3640625 0.42578125 0.08515625 0.1046875
2 0.696875 0.42734375 0.08046875 0.07109375
0 0.49140625 0.44921875 0.00859375 0.01796875
1 0.18828125 0.4640625 0.09296875 0.096875
0 0.21484375 0.46640625 0.01328125 0.01875
1 0.56640625 0.46953125 0.07421875 0.07421875
4 0.73828125 0.47421875 0.0125 0.01875
1 0.765625 0.47890625 0.1125 0.07421875
1 0.478125 0.49140625 0.0546875 0.125
0 0.3453125 0.534375 0.01171875 0.01953125
1 0.31640625 0.53671875 0.10078125 0.0703125
4 0.56875 0.55078125 0.01015625 0.0203125
1 0.58671875 0.5515625 0.07421875 0.05703125
1 0.75625 0.565625 0.084375 0.06953125
4 0.72265625 0.58046875 0.00859375 0.02109375
0 0.4515625 0.58203125 0.0109375 0.0203125
2 0.4265625 0.59453125 0.08984375 0.0546875
4 0.4734375 0.79296875 0.01015625 0.01640625
1 0.475 0.80390625 0.03828125 0.06171875