0 0.37890625 0.1015625 0.01953125 0.03671875
4 0.2640625 0.17734375 0.01640625 0.0265625
1 0.3609375 0.1796875 0.10390625 0.23515625
0 0.30078125 0.19296875 0.015625 0.0296875
1 0.2359375 0.20859375 0.14453125 0.140625
1 0.29921875 0.2140625 0.04765625 0.10390625
1 0.26328125 0.2859375 0.09296875 0.115625
4 0.27890625 0.29765625 0.01640625 0.0265625
1 0.20078125 0.03203125 0.05 0.0640625
1 0.1484375 0.328125 0.06953125 0.10859375
4 0.59921875 0.359375 0.01484375 0.03203125
0 0.15546875 0.3609375 0.0171875 0.03203125
3 0.40859375 0.03671875 0.0640625 0.0734375
1 0.55625 0.36328125 0.11328125 0.078125
3 0.73046875 0.45625 0.05546875 0.09453125
0 0.7359375 0.46640625 0.01953125 0.02890625
0 0.1640625 0.54453125 0.01796875 0.0296875
1 0.4546875 0.56328125 0.13046875 0.11875
1 0.1875 0.5859375 0.08828125 0.190625
4 0.46796875 0.58671875 0.01640625 0.03046875
3 0.29609375 0.7234375 0.05078125 0.08203125
0 0.28671875 0.734375 0.01953125 0.0296875