1 0.7875 0.93046875 0.04296875 0.04375
4 0.79921875 0.9421875 0.009375 0.01796875
4 0.44609375 0.1375 0.0109375 0.015625
1 0.45625 0.16171875 0.04609375 0.06015625
1 0.0125 0.39921875 0.025 0.040625
1 0.015625 0.4609375 0.03125 0.040625
1 0.965625 0.478125 0.06796875 0.04921875
4 0.940625 0.47890625 0.00859375 0.01875
1 0.91875 0.4984375 0.034375 0.05625
4 0.9203125 0.503125 0.01328125 0.01640625
4 0.97265625 0.515625 0.01171875 0.01640625
1 0.02109375 0.52109375 0.0421875 0.0640625
0 0.00703125 0.52265625 0.01171875 0.01953125
1 0.9625 0.525 0.04375 0.059375
1 0.93515625 0.56328125 0.03125 0.06484375
4 0.94375 0.56640625 0.01328125 0.01953125
1 0.42109375 0.80390625 0.03046875 0.05078125
4 0.41875 0.80703125 0.01171875 0.01875
0 0.41171875 0.87109375 0.00859375 0.021875
1 0.41328125 0.8765625 0.02421875 0.065625
2 0.14765625 0.90078125 0.04140625 0.121875
4 0.14453125 0.91796875 0.01640625 0.02890625