4 0.43828125 0.25390625 0.02109375 0.03671875
0 0.603125 0.25859375 0.01484375 0.02578125
1 0.5390625 0.30078125 0.14609375 0.13203125
1 0.41875 0.3140625 0.13125 0.203125
2 0.55859375 0.334375 0.165625 0.15859375
0 0.73203125 0.33828125 0.01640625 0.02421875
4 0.328125 0.35 0.02109375 0.028125
2 0.70078125 0.396875 0.11796875 0.17578125
1 0.309375 0.43984375 0.1171875 0.30390625
4 0.36484375 0.51875 0.0140625 0.0359375
4 0.50625 0.53515625 0.01484375 0.03359375
1 0.33359375 0.54453125 0.07890625 0.10546875
2 0.5171875 0.55078125 0.1359375 0.17578125
0 0.80859375 0.56015625 0.01953125 0.03359375
1 0.4703125 0.56640625 0.1578125 0.1265625
0 0.10859375 0.56796875 0.02109375 0.028125
3 0.06875 0.58984375 0.13359375 0.1203125
3 0.74609375 0.6078125 0.1421875 0.134375