2 0.3125 0.95546875 0.09921875 0.0390625
4 0.28671875 0.95859375 0.01328125 0.0234375
0 0.01328125 0.353125 0.01875 0.021875
0 0.2875 0.3640625 0.0140625 0.021875
1 0.05 0.36640625 0.0953125 0.078125
1 0.30703125 0.36953125 0.11328125 0.071875
4 0.9546875 0.41484375 0.01171875 0.0203125
1 0.94140625 0.4171875 0.0671875 0.0640625
4 0.94765625 0.465625 0.01015625 0.01875
1 0.93828125 0.47109375 0.0421875 0.06640625
0 0.20390625 0.4765625 0.015625 0.0265625
2 0.2296875 0.48125 0.10625 0.06640625
1 0.97890625 0.49140625 0.04140625 0.07578125
4 0.99453125 0.49609375 0.0109375 0.0203125
1 0.496875 0.496875 0.06015625 0.0796875
0 0.4890625 0.49921875 0.01171875 0.02109375
0 0.66953125 0.81640625 0.01953125 0.021875
1 0.6546875 0.828125 0.07109375 0.08984375