3 0.3078125 0.19375 0.03515625 0.084375
2 0.21875 0.3890625 0.0265625 0.0984375
1 0.26953125 0.39140625 0.04609375 0.09296875
1 0.28203125 0.41171875 0.03984375 0.13515625
0 0.22109375 0.42578125 0.01328125 0.02421875
4 0.25390625 0.4265625 0.01015625 0.01953125
0 0.28359375 0.46875 0.00859375 0.015625
1 0.353125 0.50703125 0.04609375 0.1140625
2 0.23671875 0.5609375 0.0484375 0.13125
2 0.2578125 0.58125 0.0390625 0.1296875
3 0.23203125 0.6765625 0.08203125 0.0640625
0 0.1953125 0.68671875 0.00859375 0.01875
3 0.425 0.7609375 0.05546875 0.08515625
0 0.41015625 0.7671875 0.00859375 0.015625