1 0.8328125 0.98203125 0.02734375 0.03515625
1 0.36875 0.15546875 0.06640625 0.08828125
4 0.34921875 0.17421875 0.015625 0.021875
1 0.56640625 0.2875 0.0546875 0.18828125
1 0.5234375 0.30390625 0.0578125 0.1890625
1 0.4265625 0.30390625 0.0796875 0.15
1 0.46015625 0.33828125 0.04296875 0.05703125
0 0.4109375 0.340625 0.0109375 0.0234375
0 0.55078125 0.34140625 0.0125 0.02109375
4 0.44453125 0.34609375 0.01171875 0.0234375
4 0.5078125 0.3640625 0.01015625 0.0203125
1 0.36171875 0.396875 0.04453125 0.1234375
2 0.55 0.41796875 0.0546875 0.11171875
2 0.43515625 0.41875 0.08984375 0.109375
4 0.528125 0.45078125 0.01171875 0.021875
4 0.4671875 0.69296875 0.01484375 0.0203125
2 0.4765625 0.73671875 0.04453125 0.12109375