4 0.1140625 0.92578125 0.0265625 0.03671875
1 0.08203125 0.934375 0.1640625 0.07890625
1 0.1328125 0.9875 0.05078125 0.025
0 0.303125 0.37421875 0.015625 0.03671875
3 0.23515625 0.39453125 0.15625 0.10859375
4 0.24921875 0.57421875 0.02109375 0.03828125
1 0.203125 0.59296875 0.18125 0.0953125
1 0.4328125 0.659375 0.08828125 0.07578125
0 0.153125 0.6734375 0.02109375 0.0296875
4 0.44921875 0.678125 0.01640625 0.02890625
1 0.1015625 0.690625 0.15546875 0.10625
1 0.4421875 0.7390625 0.10390625 0.15859375
0 0.3140625 0.7484375 0.02109375 0.03046875
0 0.48125 0.7609375 0.02109375 0.0296875
1 0.2640625 0.76640625 0.16015625 0.11875
4 0.09609375 0.82109375 0.02421875 0.03359375
1 0.0671875 0.84921875 0.134375 0.1390625