4 0.34375 0.2140625 0.01328125 0.02421875
1 0.31171875 0.234375 0.11640625 0.08359375
0 0.83125 0.3359375 0.0140625 0.0203125
1 0.8015625 0.33828125 0.10859375 0.05859375
1 0.01875 0.3671875 0.03671875 0.034375
1 0.909375 0.371875 0.11640625 0.05546875
0 0.940625 0.37734375 0.01328125 0.01953125
1 0.0078125 0.43828125 0.015625 0.0453125
1 0.278125 0.446875 0.11015625 0.10390625
0 0.796875 0.46171875 0.01015625 0.01953125
1 0.9140625 0.47109375 0.09765625 0.06796875
0 0.30234375 0.47109375 0.01171875 0.025
1 0.76796875 0.471875 0.10625 0.0640625
1 0.653125 0.48125 0.11328125 0.0984375
1 0.009375 0.4859375 0.01875 0.040625
0 0.95546875 0.490625 0.01328125 0.01875
0 0.6828125 0.5015625 0.01328125 0.02109375
1 0.0109375 0.55625 0.021875 0.0515625