4 0.58828125 0.1015625 0.0078125 0.015625
1 0.5875 0.1171875 0.03671875 0.053125
1 0.4765625 0.2265625 0.0359375 0.10546875
1 0.3328125 0.25859375 0.07421875 0.0703125
0 0.35390625 0.26015625 0.009375 0.01640625
0 0.48359375 0.26171875 0.0078125 0.01953125
0 0.3484375 0.034375 0.0109375 0.0203125
1 0.34765625 0.0421875 0.02421875 0.03828125
1 0.5875 0.55859375 0.0578125 0.11015625
4 0.57109375 0.59296875 0.00859375 0.01640625
1 0.465625 0.59609375 0.02734375 0.06171875
4 0.4640625 0.6015625 0.009375 0.015625
2 0.41953125 0.60546875 0.04765625 0.09921875
4 0.59765625 0.06640625 0.01015625 0.01953125
1 0.4265625 0.678125 0.0359375 0.0640625
0 0.43125 0.684375 0.00859375 0.01875
1 0.590625 0.071875 0.03125 0.03203125
2 0.39609375 0.728125 0.04296875 0.0796875
0 0.33046875 0.0734375 0.00859375 0.01796875
1 0.33046875 0.0734375 0.01484375 0.05859375
4 0.50546875 0.7609375 0.009375 0.015625
1 0.49765625 0.76796875 0.0265625 0.0390625
1 0.471875 0.7953125 0.01953125 0.01875
4 0.4703125 0.7984375 0.00859375 0.01328125
1 0.45390625 0.8046875 0.02578125 0.04296875
0 0.4578125 0.8125 0.00859375 0.015625
3 0.31875 0.81484375 0.05234375 0.059375
0 0.325 0.81796875 0.009375 0.01875
3 0.45625 0.83828125 0.0640625 0.06171875
4 0.48359375 0.85390625 0.0078125 0.01953125