1 0.16640625 0.29921875 0.07578125 0.09609375
0 0.36640625 0.03203125 0.01796875 0.03203125
4 0.13828125 0.32421875 0.0171875 0.03203125
2 0.24296875 0.44140625 0.11171875 0.15546875
1 0.08046875 0.4421875 0.10625 0.19375
1 0.4125 0.47890625 0.03984375 0.0640625
1 0.41875 0.48671875 0.11171875 0.1796875
2 0.20390625 0.49296875 0.07890625 0.15078125
0 0.41015625 0.49609375 0.01484375 0.02578125
3 0.6484375 0.50703125 0.06640625 0.11640625
3 0.36796875 0.0515625 0.0703125 0.103125
0 0.625 0.52265625 0.01640625 0.02890625
4 0.3953125 0.54140625 0.0171875 0.03046875
2 0.24609375 0.5703125 0.16328125 0.07421875
0 0.30625 0.659375 0.01640625 0.02890625
1 0.31796875 0.67578125 0.0515625 0.09140625
3 0.36171875 0.88125 0.115625 0.1046875
0 0.3375 0.90546875 0.01953125 0.03671875