0 0.49296875 0.12109375 0.01015625 0.01875
1 0.49453125 0.14375 0.02890625 0.06328125
4 0.05703125 0.38671875 0.015625 0.0203125
1 0.05859375 0.390625 0.0546875 0.0546875
1 0.01171875 0.46875 0.02265625 0.05390625
1 0.059375 0.46875 0.071875 0.06953125
0 0.9421875 0.471875 0.0125 0.01796875
4 0.06796875 0.47421875 0.01328125 0.01875
1 0.9546875 0.48828125 0.090625 0.0734375
1 0.9578125 0.56796875 0.0515625 0.0453125
0 0.95546875 0.57109375 0.01484375 0.02109375
1 0.06875 0.5734375 0.05546875 0.05625
4 0.06640625 0.57578125 0.01484375 0.01875