2 0.6296875 0.25234375 0.07109375 0.115625
2 0.58046875 0.30546875 0.05234375 0.05859375
2 0.37265625 0.35625 0.05703125 0.11171875
0 0.39609375 0.38046875 0.00625 0.01953125
2 0.68359375 0.41328125 0.06640625 0.115625
2 0.53359375 0.421875 0.0671875 0.16484375
0 0.6109375 0.04453125 0.01015625 0.0203125
2 0.61171875 0.45859375 0.07421875 0.05703125
2 0.4984375 0.496875 0.10625 0.1515625
2 0.52109375 0.5 0.03984375 0.121875
0 0.615625 0.5515625 0.009375 0.01875
3 0.60859375 0.05625 0.06796875 0.0765625
3 0.6234375 0.56171875 0.05546875 0.08203125
0 0.52578125 0.578125 0.0125 0.0234375
3 0.52734375 0.5984375 0.05703125 0.0640625