1 0.625 0.9625 0.046875 0.075
0 0.63671875 0.9703125 0.01015625 0.0203125
4 0.509375 0.6328125 0.0109375 0.01796875
1 0.51015625 0.634375 0.04375 0.090625
1 0.4296875 0.68671875 0.03828125 0.121875
4 0.44140625 0.69140625 0.00859375 0.01328125
4 0.54609375 0.728125 0.01015625 0.01875
1 0.55 0.728125 0.03046875 0.06171875
1 0.61875 0.73984375 0.05078125 0.071875
0 0.63046875 0.740625 0.00859375 0.01796875
1 0.4859375 0.79296875 0.02578125 0.09453125
4 0.48515625 0.81484375 0.0109375 0.02421875
1 0.59921875 0.8359375 0.046875 0.07109375
1 0.71171875 0.83671875 0.03515625 0.09921875
0 0.70078125 0.83984375 0.00859375 0.01640625
1 0.63046875 0.8421875 0.03203125 0.1359375
0 0.6046875 0.84921875 0.01171875 0.021875
0 0.62734375 0.89296875 0.00859375 0.01796875