1 0.43203125 0.37109375 0.04375 0.0984375
4 0.4234375 0.40859375 0.01015625 0.01796875
1 0.89296875 0.46171875 0.06796875 0.1
4 0.39609375 0.48359375 0.01171875 0.02578125
1 0.3921875 0.4953125 0.04296875 0.128125
0 0.8890625 0.496875 0.01640625 0.028125
1 0.53515625 0.53671875 0.05625 0.1015625
4 0.5203125 0.54140625 0.01171875 0.02421875
1 0.43203125 0.54609375 0.05625 0.13203125
0 0.68046875 0.546875 0.01171875 0.0265625
1 0.67734375 0.54921875 0.0546875 0.08203125
1 0.5015625 0.5515625 0.03046875 0.0546875
4 0.5 0.5515625 0.01328125 0.0203125
4 0.44609375 0.56171875 0.01328125 0.0265625
1 0.6296875 0.5859375 0.05 0.09296875
4 0.63828125 0.6140625 0.0125 0.02890625
1 0.56484375 0.71953125 0.04765625 0.06484375
4 0.575 0.72890625 0.01796875 0.03125
0 0.6484375 0.78828125 0.00859375 0.0296875
1 0.66171875 0.79375 0.04921875 0.07109375
1 0.8390625 0.80703125 0.05390625 0.06796875
0 0.853125 0.80859375 0.01640625 0.02890625
0 0.71484375 0.084375 0.01015625 0.02421875
1 0.71171875 0.0890625 0.04296875 0.0640625