2 0.85078125 0.10703125 0.03359375 0.07109375
2 0.68515625 0.10703125 0.03671875 0.13515625
1 0.75 0.11328125 0.12109375 0.121875
4 0.71484375 0.13671875 0.0140625 0.025
0 0.72578125 0.18203125 0.01015625 0.021875
2 0.8546875 0.1828125 0.040625 0.1359375
2 0.73984375 0.240625 0.06171875 0.14375
1 0.74765625 0.028125 0.04140625 0.05546875
0 0.75625 0.028125 0.0125 0.02578125
2 0.83828125 0.034375 0.0453125 0.06875
3 0.6796875 0.4 0.07109375 0.08671875
0 0.67734375 0.41328125 0.0140625 0.02421875
3 0.9859375 0.4171875 0.028125 0.115625
0 0.98359375 0.43984375 0.01484375 0.0296875