1 0.51796875 0.353125 0.10234375 0.10546875
0 0.5453125 0.35546875 0.01015625 0.01953125
1 0.0265625 0.37890625 0.05234375 0.08515625
0 0.01953125 0.41328125 0.01171875 0.01875
0 0.009375 0.4703125 0.0109375 0.01875
1 0.01953125 0.5359375 0.0390625 0.1515625
0 0.61875 0.55546875 0.01171875 0.01953125
1 0.590625 0.55625 0.06640625 0.04921875
1 0.08125 0.5890625 0.07265625 0.06484375
4 0.053125 0.60703125 0.01171875 0.025
0 0.4921875 0.865625 0.01015625 0.01953125
1 0.49140625 0.86875 0.02890625 0.08359375