0 0.34375 0.20703125 0.01953125 0.040625
1 0.38828125 0.2140625 0.16171875 0.1
4 0.26796875 0.26640625 0.01796875 0.04140625
1 0.31328125 0.2859375 0.14296875 0.121875
1 0.44375 0.35703125 0.08203125 0.090625
0 0.3140625 0.371875 0.01484375 0.0359375
0 0.428125 0.371875 0.0171875 0.03359375
2 0.31640625 0.3796875 0.04140625 0.090625
1 0.52578125 0.40625 0.11484375 0.128125
2 0.296875 0.43203125 0.07734375 0.16640625
2 0.22265625 0.44375 0.08671875 0.1609375
4 0.47734375 0.4453125 0.0140625 0.03125
0 0.246875 0.49453125 0.02265625 0.03984375
4 0.32890625 0.67890625 0.0203125 0.028125
1 0.37421875 0.703125 0.15703125 0.134375
0 0.653125 0.7578125 0.015625 0.03203125
0 0.2421875 0.7734375 0.01484375 0.04140625
3 0.68828125 0.77421875 0.13203125 0.20390625
3 0.271875 0.8015625 0.10234375 0.14140625
4 0.3328125 0.81171875 0.0171875 0.04140625
1 0.3875 0.82578125 0.1328125 0.146875