2 0.41015625 0.11015625 0.12265625 0.209375
4 0.884375 0.01484375 0.0375 0.0296875
0 0.4453125 0.25703125 0.02734375 0.0453125
0 0.228125 0.32265625 0.03203125 0.06015625
1 0.4625 0.365625 0.1203125 0.2796875
1 0.25 0.40859375 0.1015625 0.22109375
2 0.65234375 0.05234375 0.0578125 0.1046875
1 0.88671875 0.053125 0.09375 0.10546875
4 0.66875 0.534375 0.034375 0.0734375
1 0.6375 0.59375 0.14765625 0.1609375
4 0.49296875 0.67109375 0.034375 0.07109375
1 0.50625 0.70703125 0.10703125 0.2265625
0 0.76171875 0.76328125 0.04453125 0.065625
1 0.75234375 0.81640625 0.07109375 0.36640625
0 0.190625 0.8265625 0.04609375 0.07578125
4 0.6078125 0.84296875 0.03984375 0.06953125
1 0.21640625 0.859375 0.1328125 0.2703125
1 0.62265625 0.865625 0.08828125 0.26875
4 0.353125 0.8765625 0.04609375 0.075
1 0.37421875 0.88125 0.1015625 0.23671875