4 0.58671875 0.265625 0.00859375 0.021875
0 0.54609375 0.27421875 0.00859375 0.01875
0 0.565625 0.290625 0.01328125 0.0234375
1 0.5671875 0.2921875 0.028125 0.0546875
2 0.5171875 0.303125 0.0796875 0.08359375
2 0.60703125 0.30390625 0.05078125 0.096875
2 0.64453125 0.37421875 0.07109375 0.09375
0 0.49296875 0.41484375 0.00703125 0.01875
1 0.4875 0.43984375 0.05625 0.13359375
2 0.59296875 0.45546875 0.04140625 0.05625
0 0.58046875 0.46171875 0.00859375 0.01953125
2 0.5390625 0.465625 0.03828125 0.1015625
4 0.58515625 0.5 0.0109375 0.01875
1 0.58671875 0.53671875 0.06015625 0.1
4 0.503125 0.80234375 0.0078125 0.01953125
1 0.48359375 0.81640625 0.06796875 0.09609375