0 0.36875 0.009375 0.0078125 0.01796875
1 0.371875 0.0171875 0.01484375 0.03203125
0 0.5 0.228125 0.01015625 0.01953125
3 0.5 0.23671875 0.02265625 0.08203125
0 0.34296875 0.028125 0.009375 0.01875
1 0.1046875 0.296875 0.03984375 0.07890625
0 0.11328125 0.30859375 0.01328125 0.0203125
1 0.34609375 0.0359375 0.0203125 0.0359375
0 0.0828125 0.39453125 0.0109375 0.01875
1 0.1015625 0.39453125 0.04765625 0.07109375
1 0.83828125 0.41015625 0.025 0.09453125
4 0.8296875 0.43046875 0.0078125 0.01796875
1 0.59765625 0.046875 0.02734375 0.09140625
1 0.1203125 0.4734375 0.0734375 0.059375
4 0.971875 0.48046875 0.01015625 0.01796875
0 0.13046875 0.48359375 0.0109375 0.01796875
1 0.97109375 0.484375 0.03515625 0.084375
1 0.896875 0.4859375 0.03515625 0.0359375
4 0.9 0.4859375 0.01171875 0.015625
1 0.6328125 0.05078125 0.02578125 0.04453125
4 0.80703125 0.51640625 0.009375 0.01484375
1 0.8265625 0.51953125 0.0921875 0.0390625
4 0.6015625 0.053125 0.00859375 0.01796875
0 0.140625 0.54296875 0.0109375 0.01875
1 0.12578125 0.55546875 0.08359375 0.06015625
4 0.634375 0.06328125 0.00859375 0.01796875
3 0.50078125 0.8140625 0.04140625 0.06171875
4 0.49609375 0.82734375 0.009375 0.01796875
3 0.3828125 0.834375 0.03828125 0.09921875
0 0.36875 0.86484375 0.01015625 0.01640625