1 0.8671875 0.10703125 0.0359375 0.0953125
0 0.20546875 0.18671875 0.0109375 0.01796875
1 0.24140625 0.20625 0.11328125 0.08984375
4 0.553125 0.27421875 0.01015625 0.02578125
1 0.5578125 0.3265625 0.03671875 0.19375
1 0.8234375 0.4359375 0.13515625 0.05625
0 0.8578125 0.4375 0.0140625 0.03046875
1 0.92109375 0.56328125 0.03359375 0.14296875
1 0.75 0.57734375 0.05234375 0.053125
4 0.7625 0.58359375 0.01171875 0.02421875
1 0.75078125 0.60703125 0.0734375 0.06328125
1 0.65546875 0.61328125 0.10703125 0.08046875
4 0.75 0.6171875 0.0125 0.025
4 0.6375 0.61796875 0.01640625 0.03359375
0 0.9265625 0.61953125 0.01171875 0.02421875
0 0.796875 0.62109375 0.01171875 0.02421875
1 0.7828125 0.6390625 0.13984375 0.11640625
0 0.9859375 0.69453125 0.0109375 0.021875
1 0.94921875 0.7 0.10078125 0.06484375
4 0.86953125 0.075 0.01171875 0.01875
0 0.90703125 0.8015625 0.01171875 0.0234375
1 0.865625 0.80234375 0.12578125 0.0765625
0 0.64140625 0.915625 0.01171875 0.0265625
1 0.63984375 0.9234375 0.028125 0.0734375