0 0.65625 0.0984375 0.02109375 0.03125
1 0.5796875 0.2140625 0.0671875 0.10703125
0 0.58515625 0.24609375 0.01640625 0.0296875
1 0.6953125 0.246875 0.07265625 0.25859375
4 0.684375 0.31328125 0.0171875 0.03203125
2 0.44921875 0.321875 0.12578125 0.11953125
4 0.409375 0.34296875 0.0171875 0.0296875
2 0.42578125 0.4140625 0.065625 0.2015625
2 0.4515625 0.4546875 0.08359375 0.209375
0 0.41171875 0.45625 0.021875 0.04296875
1 0.61015625 0.46640625 0.0546875 0.2015625
1 0.6796875 0.46875 0.06328125 0.14296875
1 0.53984375 0.46875 0.08515625 0.134375
0 0.6953125 0.484375 0.01953125 0.03125
4 0.5375 0.4875 0.01875 0.03828125
0 0.5953125 0.525 0.01640625 0.0296875
0 0.74296875 0.68046875 0.015625 0.0359375
3 0.77109375 0.6890625 0.08203125 0.11171875
4 0.48828125 0.06953125 0.01640625 0.03359375
3 0.21484375 0.75859375 0.05546875 0.1140625
0 0.22265625 0.784375 0.01640625 0.03125
3 0.6453125 0.0796875 0.07265625 0.159375
1 0.46171875 0.08203125 0.09765625 0.13046875