1 0.484375 0.22578125 0.01953125 0.03046875
0 0.48671875 0.2328125 0.00546875 0.01171875
2 0.93828125 0.25546875 0.025 0.05859375
1 0.03515625 0.27734375 0.01640625 0.1140625
0 0.03046875 0.30703125 0.0078125 0.0109375
1 0.215625 0.39453125 0.0265625 0.04453125
1 0.18515625 0.44296875 0.02265625 0.03125
1 0.22109375 0.44609375 0.0296875 0.0359375
0 0.79375 0.459375 0.00703125 0.01484375
1 0.80390625 0.46171875 0.05078125 0.06484375
0 0.8515625 0.4625 0.009375 0.01171875
1 0.84609375 0.46328125 0.02265625 0.04609375
1 0.22890625 0.49375 0.02265625 0.053125
0 0.7984375 0.5109375 0.00703125 0.01171875
1 0.8015625 0.5109375 0.02265625 0.034375
1 0.8515625 0.515625 0.0515625 0.04453125
0 0.846875 0.521875 0.00703125 0.01328125
4 0.52421875 0.7984375 0.00625 0.01328125
1 0.540625 0.803125 0.0546875 0.034375
4 0.92578125 0.8375 0.009375 0.0234375
2 0.95078125 0.85078125 0.059375 0.05703125