0 0.44140625 0.20546875 0.01796875 0.03125
1 0.45859375 0.22265625 0.10390625 0.115625
2 0.315625 0.259375 0.0734375 0.153125
2 0.25859375 0.27265625 0.07421875 0.18046875
4 0.34765625 0.30078125 0.0203125 0.02890625
1 0.37578125 0.32734375 0.11015625 0.18984375
0 0.2359375 0.33515625 0.01796875 0.03359375
0 0.425 0.33671875 0.0140625 0.034375
1 0.58125 0.33984375 0.140625 0.121875
4 0.54609375 0.34296875 0.01875 0.03828125
1 0.45078125 0.37109375 0.07578125 0.13515625
4 0.42265625 0.675 0.01640625 0.03125
1 0.43828125 0.684375 0.09375 0.13671875
0 0.65 0.70703125 0.01484375 0.0359375
3 0.6875 0.7515625 0.1328125 0.2046875
0 0.26015625 0.7671875 0.01796875 0.03984375
4 0.37265625 0.78828125 0.0171875 0.03515625
3 0.275 0.79296875 0.08203125 0.15390625
1 0.41953125 0.7953125 0.14921875 0.1609375