4 0.45 0.940625 0.00859375 0.01328125
1 0.4703125 0.9421875 0.07421875 0.04140625
0 0.484375 0.18359375 0.0078125 0.01484375
1 0.4796875 0.19453125 0.02578125 0.0453125
1 0.11875 0.403125 0.03515625 0.0484375
4 0.11171875 0.4046875 0.01015625 0.01328125
4 0.11875 0.46953125 0.00859375 0.01640625
4 0.06015625 0.47421875 0.01015625 0.01640625
1 0.125 0.47578125 0.034375 0.0515625
1 0.071875 0.4765625 0.03515625 0.04296875
0 0.89296875 0.48203125 0.01015625 0.015625
1 0.90078125 0.48203125 0.0640625 0.0515625
1 0.96171875 0.48984375 0.03046875 0.078125
0 0.971875 0.4921875 0.00859375 0.015625
0 0.90078125 0.5625 0.01015625 0.01796875
1 0.9015625 0.5625 0.028125 0.0640625
1 0.95625 0.565625 0.07421875 0.0640625
0 0.9421875 0.56640625 0.01015625 0.01484375
1 0.1296875 0.56640625 0.03828125 0.071875
4 0.1203125 0.57265625 0.00859375 0.015625