3 0.04921875 0.975 0.08203125 0.05
0 0.08046875 0.9765625 0.01796875 0.034375
0 0.3953125 0.1 0.0171875 0.03515625
4 0.26640625 0.203125 0.01796875 0.03203125
1 0.22890625 0.23359375 0.146875 0.10703125
1 0.44375 0.34375 0.07890625 0.196875
1 0.27109375 0.37265625 0.12109375 0.09921875
0 0.47421875 0.390625 0.01953125 0.0484375
0 0.3171875 0.4015625 0.02109375 0.028125
4 0.346875 0.459375 0.0171875 0.03359375
1 0.45703125 0.46171875 0.10234375 0.11640625
1 0.30859375 0.46328125 0.15859375 0.12578125
4 0.15546875 0.48046875 0.015625 0.034375
0 0.42578125 0.48984375 0.0234375 0.03671875
1 0.15859375 0.49609375 0.07890625 0.121875
1 0.271875 0.51328125 0.12890625 0.09921875
4 0.30078125 0.53671875 0.01953125 0.03046875
1 0.10625 0.65546875 0.1390625 0.13046875
0 0.1546875 0.671875 0.01875 0.028125
0 0.6046875 0.7640625 0.0140625 0.03515625
3 0.559375 0.7984375 0.10859375 0.14609375
3 0.35078125 0.0890625 0.159375 0.0765625