1 0.6953125 0.9265625 0.03515625 0.075
1 0.7859375 0.92890625 0.03828125 0.05
0 0.86640625 0.940625 0.01015625 0.0203125
0 0.70078125 0.94140625 0.0109375 0.01953125
1 0.8859375 0.94375 0.05703125 0.10546875
1 0.553125 0.94609375 0.0671875 0.078125
0 0.5828125 0.9734375 0.01015625 0.02421875
2 0.5015625 0.09921875 0.09296875 0.08359375
4 0.51875 0.1078125 0.01015625 0.01796875
1 0.4203125 0.15234375 0.0265625 0.053125
0 0.4171875 0.159375 0.0125 0.0234375
1 0.04765625 0.2203125 0.05234375 0.078125
4 0.03984375 0.221875 0.01328125 0.01953125
1 0.57265625 0.24375 0.06796875 0.0796875
4 0.6015625 0.2609375 0.009375 0.01796875
1 0.50625 0.2984375 0.021875 0.0546875
0 0.50390625 0.30390625 0.0125 0.0203125
1 0.7640625 0.33125 0.103125 0.06640625
2 0.55390625 0.33203125 0.04609375 0.0734375
0 0.55859375 0.3390625 0.01171875 0.02109375
4 0.7921875 0.34921875 0.0078125 0.01640625
1 0.54140625 0.38671875 0.06953125 0.075
4 0.55 0.3984375 0.01171875 0.02109375
0 0.7859375 0.4140625 0.0109375 0.0203125
1 0.77890625 0.41875 0.03828125 0.07890625
1 0.715625 0.446875 0.08828125 0.0734375
4 0.7515625 0.4578125 0.01015625 0.01796875
2 0.89609375 0.48828125 0.09296875 0.03984375
1 0.6796875 0.49296875 0.0859375 0.06796875
4 0.92109375 0.49765625 0.0109375 0.02109375
4 0.70390625 0.50390625 0.009375 0.01875
1 0.490625 0.52734375 0.090625 0.07890625
0 0.50625 0.540625 0.01171875 0.0234375
0 0.634375 0.58359375 0.01640625 0.02578125
1 0.615625 0.59140625 0.05546875 0.053125
1 0.365625 0.690625 0.04296875 0.05859375
4 0.36640625 0.690625 0.009375 0.01796875
1 0.58984375 0.69140625 0.06953125 0.0453125
0 0.603125 0.70078125 0.01171875 0.021875
1 0.0078125 0.70546875 0.01484375 0.025
1 0.3890625 0.778125 0.04453125 0.0703125
4 0.3796875 0.79453125 0.009375 0.01796875
1 0.45078125 0.83125 0.04296875 0.05703125
0 0.45234375 0.84921875 0.01015625 0.0203125
0 0.7890625 0.921875 0.01015625 0.01875