4 0.06953125 0.93828125 0.01015625 0.02578125
1 0.0828125 0.95390625 0.0578125 0.09140625
4 0.828125 0.22890625 0.0140625 0.01875
1 0.81796875 0.2421875 0.03828125 0.06171875
1 0.33671875 0.4265625 0.06875 0.06328125
4 0.31484375 0.44765625 0.0125 0.01953125
1 0.96015625 0.509375 0.04375 0.06171875
1 0.321875 0.5109375 0.07890625 0.06796875
0 0.97265625 0.51875 0.01328125 0.025
4 0.29140625 0.52421875 0.01484375 0.02109375
1 0.5515625 0.5671875 0.12578125 0.0453125
4 0.52109375 0.56875 0.01328125 0.03359375
1 0.9875 0.63046875 0.025 0.153125
1 0.8484375 0.67578125 0.10078125 0.13515625
1 0.93671875 0.6859375 0.05703125 0.06484375
0 0.9390625 0.69140625 0.01328125 0.02578125
4 0.83203125 0.7078125 0.01796875 0.02109375