0 0.68671875 0.45546875 0.02421875 0.0390625
1 0.65859375 0.45625 0.14296875 0.075
4 0.59609375 0.5140625 0.01640625 0.0359375
1 0.565625 0.54609375 0.14609375 0.12578125
2 0.659375 0.5671875 0.07890625 0.1953125
0 0.78515625 0.64453125 0.01953125 0.0265625
3 0.35859375 0.66328125 0.09765625 0.08515625
0 0.3203125 0.68125 0.01640625 0.0296875
2 0.74765625 0.69453125 0.12109375 0.15703125
2 0.51640625 0.7015625 0.0625 0.128125
0 0.915625 0.721875 0.01640625 0.0265625
0 0.7453125 0.7484375 0.01484375 0.028125
3 0.8578125 0.75625 0.17578125 0.13203125
4 0.5875 0.76328125 0.01953125 0.034375
1 0.68203125 0.7734375 0.14296875 0.10859375
1 0.565625 0.778125 0.128125 0.10078125