0 0.80390625 0.09296875 0.14765625 0.1
2 0.64296875 0.09609375 0.05546875 0.0734375
4 0.77109375 0.11875 0.01484375 0.03203125
1 0.859375 0.021875 0.08125 0.04375
0 0.7125 0.23671875 0.01171875 0.02421875
1 0.7265625 0.25859375 0.0421875 0.078125
0 0.646875 0.38671875 0.01484375 0.02421875
3 0.965625 0.415625 0.06875 0.07578125
0 0.96328125 0.41796875 0.01328125 0.0265625
1 0.6828125 0.44609375 0.084375 0.14609375
1 0.6984375 0.04921875 0.05625 0.0984375
0 0.69296875 0.06328125 0.01484375 0.028125
2 0.7515625 0.065625 0.07890625 0.071875