0 0.18671875 0.94375 0.01796875 0.0359375
3 0.19453125 0.94453125 0.06640625 0.1109375
1 0.2859375 0.28671875 0.08828125 0.1109375
2 0.23984375 0.35625 0.08046875 0.09609375
1 0.425 0.49921875 0.14765625 0.225
1 0.29140625 0.53671875 0.05703125 0.14453125
0 0.375 0.5640625 0.02109375 0.0359375
0 0.27578125 0.578125 0.02421875 0.03359375
2 0.23125 0.584375 0.07265625 0.23125
0 0.46171875 0.60625 0.1015625 0.134375
2 0.315625 0.6515625 0.05078125 0.10390625
2 0.2578125 0.85546875 0.08984375 0.12890625
0 0.70234375 0.91953125 0.01953125 0.0359375
3 0.72265625 0.9234375 0.0625 0.153125