4 0.76953125 0.10390625 0.0125 0.0234375
1 0.75390625 0.12890625 0.06484375 0.08515625
1 0.83671875 0.3109375 0.053125 0.0546875
0 0.8546875 0.31328125 0.01171875 0.01875
4 0.75546875 0.346875 0.01484375 0.01796875
1 0.7546875 0.35390625 0.03046875 0.08125
4 0.92890625 0.40078125 0.01171875 0.01875
1 0.93203125 0.40234375 0.07421875 0.046875
1 0.696875 0.41328125 0.03359375 0.06875
4 0.70234375 0.415625 0.01484375 0.0203125
1 0.98671875 0.4734375 0.02578125 0.13203125
1 0.91875 0.484375 0.10703125 0.0765625
0 0.9453125 0.490625 0.0140625 0.02421875
0 0.93359375 0.52890625 0.0171875 0.021875
1 0.91640625 0.53125 0.05234375 0.053125
1 0.8984375 0.5703125 0.0390625 0.059375
0 0.909375 0.5796875 0.01484375 0.01640625
1 0.8078125 0.640625 0.0671875 0.04140625
4 0.834375 0.64140625 0.0125 0.0234375
0 0.840625 0.7390625 0.01171875 0.01875
1 0.81015625 0.75390625 0.0734375 0.1015625