4 0.99140625 0.35625 0.01015625 0.0140625
1 0.98125 0.3578125 0.0375 0.05
1 0.015625 0.36796875 0.03046875 0.08046875
0 0.04921875 0.3828125 0.01171875 0.02109375
1 0.05390625 0.39296875 0.03671875 0.08046875
1 0.05703125 0.478125 0.03828125 0.053125
0 0.04296875 0.478125 0.00859375 0.015625
4 0.98828125 0.48046875 0.01171875 0.01875
1 0.98046875 0.49375 0.0390625 0.0796875
1 0.034375 0.53203125 0.0359375 0.0703125
0 0.02578125 0.53671875 0.01171875 0.021875
1 0.45078125 0.81953125 0.02734375 0.05390625
0 0.4453125 0.83046875 0.01171875 0.01953125