1 0.5828125 0.2 0.09140625 0.11328125
0 0.6 0.2171875 0.01484375 0.0265625
0 0.50078125 0.25546875 0.015625 0.02890625
2 0.459375 0.27734375 0.10703125 0.09921875
1 0.646875 0.3015625 0.09140625 0.0765625
0 0.6640625 0.32734375 0.01484375 0.0234375
4 0.64140625 0.3734375 0.01484375 0.025
1 0.5515625 0.38359375 0.0796875 0.1765625
2 0.496875 0.40546875 0.03515625 0.06875
0 0.52109375 0.4078125 0.01484375 0.0265625
1 0.66796875 0.41484375 0.08671875 0.11875
0 0.48828125 0.425 0.01640625 0.02578125
0 0.61171875 0.4546875 0.01640625 0.02421875
1 0.60625 0.4671875 0.05234375 0.10625
1 0.67109375 0.53515625 0.06015625 0.11484375
4 0.66640625 0.55859375 0.01328125 0.02578125