1 0.2953125 0.9546875 0.08125 0.090625
2 0.3765625 0.38125 0.01015625 0.01796875
2 0.3546875 0.3859375 0.10546875 0.03828125
4 0.7453125 0.42265625 0.01484375 0.025
1 0.78671875 0.4234375 0.1 0.05546875
4 0.7078125 0.49140625 0.01328125 0.0203125
2 0.73671875 0.4921875 0.10390625 0.03828125
1 0.39609375 0.5015625 0.10390625 0.03828125
0 0.42421875 0.50390625 0.01171875 0.01875
0 0.25703125 0.50546875 0.0140625 0.028125
1 0.89140625 0.5109375 0.1078125 0.05390625
4 0.85546875 0.515625 0.01171875 0.0234375
1 0.2328125 0.515625 0.12265625 0.05078125
1 0.80625 0.578125 0.11640625 0.05859375
4 0.775 0.57890625 0.01328125 0.021875
1 0.32734375 0.58359375 0.11953125 0.05
0 0.36171875 0.584375 0.01328125 0.01875
0 0.43125 0.83828125 0.0109375 0.0203125
4 0.509375 0.840625 0.01171875 0.0203125
1 0.5171875 0.846875 0.04921875 0.06328125
1 0.4015625 0.8640625 0.0953125 0.10546875
1 0.13984375 0.89921875 0.059375 0.08046875
4 0.1421875 0.90546875 0.01328125 0.0234375