0 0.0671875 0.28828125 0.01328125 0.021875
2 0.0171875 0.29609375 0.03359375 0.06015625
1 0.08984375 0.30078125 0.06328125 0.0765625
4 0.25390625 0.34140625 0.01484375 0.0203125
1 0.25859375 0.35390625 0.03515625 0.059375
2 0.015625 0.4734375 0.03125 0.06171875
1 0.0875 0.5 0.08046875 0.0609375
1 0.390625 0.5015625 0.04453125 0.0765625
0 0.07421875 0.5109375 0.01171875 0.0203125
1 0.26015625 0.51171875 0.040625 0.0546875
4 0.3890625 0.51171875 0.0109375 0.01953125
4 0.25390625 0.52109375 0.0109375 0.0234375
4 0.23984375 0.66328125 0.01171875 0.021875
1 0.271875 0.68359375 0.10703125 0.0890625