0 0.0671875 0.12265625 0.01015625 0.0140625
1 0.078125 0.1609375 0.0328125 0.09453125
0 0.10078125 0.1984375 0.01015625 0.01640625
1 0.1375 0.21640625 0.0859375 0.0640625
1 0.0484375 0.4640625 0.07890625 0.08046875
0 0.1671875 0.49296875 0.01015625 0.01640625
1 0.1890625 0.5078125 0.0828125 0.075
2 0.17109375 0.5375 0.06171875 0.0734375
4 0.20859375 0.58828125 0.00859375 0.01484375
4 0.18984375 0.60078125 0.00703125 0.01640625
1 0.20234375 0.621875 0.03671875 0.07109375
1 0.2265625 0.62734375 0.04921875 0.14140625
0 0.171875 0.640625 0.01015625 0.0203125
1 0.18671875 0.65390625 0.04140625 0.06796875
0 0.115625 0.7453125 0.0078125 0.0203125
3 0.14921875 0.75625 0.07578125 0.0453125
4 0.3625 0.778125 0.00859375 0.0109375
3 0.38828125 0.77890625 0.07578125 0.05546875