4 0.29296875 0.15078125 0.01953125 0.04140625
0 0.4578125 0.1921875 0.01640625 0.02890625
1 0.25546875 0.203125 0.09375 0.16484375
4 0.175 0.23671875 0.0171875 0.04375
0 0.63046875 0.24375 0.03046875 0.04453125
1 0.39765625 0.25 0.13828125 0.159375
1 0.58515625 0.30234375 0.11328125 0.175
1 0.1390625 0.30703125 0.09609375 0.19140625
4 0.37890625 0.45390625 0.01796875 0.03203125
2 0.41484375 0.459375 0.1296875 0.0953125
4 0.1671875 0.484375 0.02109375 0.02421875
1 0.34140625 0.48671875 0.14140625 0.109375
0 0.62890625 0.509375 0.02265625 0.034375
1 0.1328125 0.53203125 0.10703125 0.140625
3 0.58359375 0.53671875 0.13984375 0.15859375