2 0.6703125 0.934375 0.0828125 0.08671875
1 0.18046875 0.9453125 0.034375 0.06875
4 0.8453125 0.946875 0.01171875 0.01796875
4 0.92109375 0.95078125 0.009375 0.02109375
1 0.59375 0.9515625 0.04609375 0.05859375
1 0.859375 0.95703125 0.0640625 0.0859375
4 0.81953125 0.959375 0.01015625 0.0234375
4 0.5953125 0.96171875 0.01328125 0.0234375
1 0.91484375 0.96171875 0.04140625 0.0546875
1 0.80859375 0.965625 0.0375 0.046875
1 0.23359375 0.9671875 0.06796875 0.065625
0 0.25078125 0.96875 0.01484375 0.0234375
2 0.71328125 0.96953125 0.05078125 0.06015625
4 0.81640625 0.3203125 0.01015625 0.0203125
2 0.7875 0.32890625 0.10859375 0.03671875
2 0.76796875 0.390625 0.1 0.0703125
4 0.8 0.39453125 0.01328125 0.0234375
2 0.6953125 0.446875 0.04921875 0.071875
4 0.7140625 0.46875 0.01328125 0.0234375
1 0.821875 0.4859375 0.04921875 0.0453125
4 0.8421875 0.490625 0.00859375 0.01953125
1 0.77109375 0.51484375 0.06796875 0.071875
0 0.79921875 0.53203125 0.0125 0.02421875
2 0.59140625 0.5328125 0.05703125 0.07890625
0 0.61484375 0.5515625 0.01328125 0.02421875
2 0.86953125 0.57421875 0.06328125 0.04296875
0 0.88515625 0.57890625 0.01484375 0.02421875
1 0.80546875 0.58515625 0.078125 0.07578125
4 0.83671875 0.5875 0.01171875 0.02109375
4 0.73984375 0.62265625 0.0125 0.01953125
1 0.72109375 0.63046875 0.08046875 0.109375
1 0.76796875 0.6625 0.06796875 0.053125
0 0.7765625 0.671875 0.0125 0.02421875
4 0.97421875 0.7765625 0.01328125 0.0234375
4 0.86796875 0.78359375 0.015625 0.02109375
0 0.63046875 0.79609375 0.01171875 0.0234375
1 0.94296875 0.8015625 0.10078125 0.09296875
1 0.603125 0.80390625 0.09921875 0.0765625
1 0.84140625 0.8046875 0.10859375 0.06484375
1 0.02109375 0.90234375 0.040625 0.08046875
0 0.175 0.921875 0.01328125 0.0203125
0 0.02421875 0.9234375 0.01328125 0.0203125