4 0.78046875 0.0125 0.015625 0.025
1 0.40234375 0.15234375 0.10859375 0.07890625
4 0.44921875 0.1640625 0.01171875 0.0234375
1 0.73828125 0.03515625 0.12265625 0.0703125
2 0.93984375 0.390625 0.07890625 0.18046875
2 0.9 0.409375 0.07421875 0.15703125
4 0.50625 0.415625 0.0140625 0.0265625
0 0.67578125 0.4203125 0.01640625 0.028125
1 0.459375 0.44296875 0.1078125 0.096875
1 0.6375 0.44921875 0.13671875 0.07890625
4 0.80546875 0.4515625 0.0140625 0.0234375
1 0.76953125 0.47890625 0.1 0.16484375
0 0.65546875 0.56171875 0.015625 0.021875
0 0.746875 0.05859375 0.01484375 0.03046875
1 0.61875 0.59296875 0.10625 0.08984375
0 0.771875 0.59765625 0.01328125 0.0234375
1 0.73515625 0.6125 0.11796875 0.0640625
0 0.5609375 0.74296875 0.01171875 0.02578125
3 0.51484375 0.753125 0.10703125 0.075
3 0.890625 0.8359375 0.1171875 0.13125
3 0.70078125 0.08828125 0.10859375 0.09140625