3 0.3453125 0.0296875 0.04453125 0.059375
0 0.3578125 0.03203125 0.01796875 0.034375
1 0.109375 0.315625 0.06484375 0.178125
4 0.11328125 0.38125 0.01953125 0.0359375
1 0.27890625 0.42421875 0.11953125 0.23671875
4 0.3 0.46953125 0.0171875 0.03203125
2 0.37265625 0.48828125 0.1203125 0.09921875
0 0.1125 0.50078125 0.015625 0.03203125
1 0.11484375 0.5359375 0.075 0.11328125
1 0.1703125 0.54453125 0.05078125 0.10859375
2 0.26875 0.55078125 0.09921875 0.20703125
4 0.1796875 0.56484375 0.02421875 0.03359375
1 0.2046875 0.58046875 0.03515625 0.09140625
2 0.4109375 0.59453125 0.0578125 0.13671875
0 0.3078125 0.60859375 0.0140625 0.03125
0 0.2109375 0.609375 0.0125 0.025
3 0.63046875 0.68828125 0.08125 0.09921875
0 0.64296875 0.696875 0.01875 0.028125
3 0.234375 0.76328125 0.05859375 0.1484375
0 0.24296875 0.7921875 0.01796875 0.03046875