1 0.40859375 0.09921875 0.03984375 0.1
1 0.51640625 0.1078125 0.09375 0.09921875
4 0.540625 0.125 0.0109375 0.01875
2 0.3609375 0.14921875 0.04453125 0.153125
2 0.48515625 0.18046875 0.05859375 0.12109375
1 0.45390625 0.21640625 0.06484375 0.175
2 0.5390625 0.21953125 0.03984375 0.15546875
4 0.46484375 0.25390625 0.00859375 0.0203125
2 0.59921875 0.271875 0.05078125 0.09609375
2 0.3984375 0.2765625 0.0296875 0.05703125
1 0.3453125 0.303125 0.08515625 0.09296875
2 0.51953125 0.30625 0.04921875 0.12578125
0 0.36875 0.31640625 0.01328125 0.021875
0 0.50078125 0.0390625 0.009375 0.02109375
1 0.540625 0.04921875 0.08828125 0.0703125
0 0.4453125 0.071875 0.01171875 0.02109375
4 0.4859375 0.74140625 0.0109375 0.01796875
1 0.44609375 0.075 0.02734375 0.06484375
1 0.49453125 0.790625 0.05078125 0.15625
0 0.4296875 0.86328125 0.0125 0.0265625
1 0.42734375 0.91171875 0.0640625 0.1484375