3 0.9765625 0.9453125 0.046875 0.109375
0 0.7375 0.22890625 0.01640625 0.03515625
3 0.790625 0.23671875 0.1515625 0.08828125
0 0.490625 0.028125 0.01953125 0.0390625
1 0.6359375 0.28046875 0.06953125 0.1546875
4 0.659375 0.31953125 0.0140625 0.028125
1 0.77890625 0.47421875 0.15859375 0.10546875
0 0.734375 0.48515625 0.01796875 0.028125
1 0.47109375 0.05078125 0.06171875 0.1015625
4 0.696875 0.54296875 0.01171875 0.02421875
4 0.81875 0.55 0.01953125 0.03515625
1 0.7984375 0.58984375 0.09140625 0.1609375
0 0.58984375 0.5984375 0.015625 0.028125
2 0.696875 0.60703125 0.0515625 0.175
4 0.68984375 0.62578125 0.01796875 0.03125
3 0.634375 0.68515625 0.10703125 0.2203125
1 0.721875 0.70390625 0.12421875 0.196875
0 0.6578125 0.86796875 0.01953125 0.03671875
0 0.9640625 0.90625 0.0171875 0.0234375
1 0.70078125 0.915625 0.15859375 0.1453125