1 0.35703125 0.1390625 0.0921875 0.19453125
1 0.55234375 0.01796875 0.14140625 0.0359375
2 0.4640625 0.259375 0.1515625 0.21796875
2 0.5859375 0.296875 0.11328125 0.16875
2 0.50234375 0.346875 0.1296875 0.23828125
0 0.65078125 0.3859375 0.01640625 0.03046875
1 0.68984375 0.4265625 0.13671875 0.16328125
1 0.63203125 0.46796875 0.00078125 0.00078125
4 0.64609375 0.47109375 0.01640625 0.02578125
0 0.6234375 0.50859375 0.02109375 0.0296875
1 0.6640625 0.50859375 0.0921875 0.178125
4 0.31953125 0.5203125 0.02109375 0.03359375
2 0.5953125 0.54140625 0.0875 0.1703125
1 0.2765625 0.56640625 0.11796875 0.1234375
4 0.378125 0.0671875 0.02265625 0.0359375
0 0.690625 0.7296875 0.01953125 0.03125
3 0.6890625 0.75546875 0.0953125 0.1609375
3 0.05390625 0.815625 0.1078125 0.08203125
0 0.0921875 0.83046875 0.02109375 0.03125