1 0.7578125 0.990625 0.075 0.01875
4 0.4515625 0.19375 0.0078125 0.01484375
1 0.4546875 0.19453125 0.02734375 0.0484375
4 0.01796875 0.40625 0.01015625 0.01640625
1 0.97421875 0.40703125 0.0390625 0.071875
0 0.9875 0.4109375 0.01171875 0.01953125
1 0.028125 0.41171875 0.0453125 0.04609375
1 0.99453125 0.4640625 0.01015625 0.03828125
1 0.0578125 0.465625 0.04140625 0.046875
4 0.05078125 0.471875 0.0125 0.015625
3 0.01171875 0.4875 0.0234375 0.04140625
1 0.04375 0.52890625 0.04453125 0.04921875
1 0.965625 0.5359375 0.03984375 0.05078125
0 0.97734375 0.53671875 0.01015625 0.01796875
4 0.02734375 0.53671875 0.01171875 0.021875
1 0.99453125 0.54765625 0.0109375 0.0265625