1 0.6296875 0.51796875 0.10546875 0.11953125
0 0.65859375 0.5453125 0.015625 0.028125
2 0.5625 0.56640625 0.0953125 0.11015625
4 0.57265625 0.60390625 0.025 0.03671875
2 0.63828125 0.6046875 0.0875 0.05703125
1 0.571875 0.6171875 0.034375 0.0953125
3 0.37734375 0.671875 0.13046875 0.1140625
0 0.31796875 0.678125 0.0109375 0.0203125
2 0.62265625 0.69296875 0.07421875 0.11171875
0 0.64921875 0.71328125 0.02265625 0.040625
1 0.56796875 0.765625 0.10546875 0.1
3 0.79296875 0.78046875 0.11015625 0.1265625
0 0.7171875 0.79296875 0.02265625 0.03125
1 0.69453125 0.79375 0.13046875 0.11953125
0 0.81796875 0.79609375 0.01796875 0.03671875