2 0.38828125 0.25625 0.11171875 0.171875
3 0.44765625 0.028125 0.084375 0.05546875
0 0.31171875 0.3234375 0.02265625 0.03515625
2 0.29296875 0.3296875 0.10703125 0.2109375
0 0.496875 0.3375 0.01328125 0.0234375
0 0.35 0.3765625 0.01171875 0.0265625
3 0.484375 0.390625 0.05234375 0.23828125
0 0.6984375 0.4109375 0.0171875 0.03046875
1 0.33359375 0.43671875 0.05234375 0.146875
3 0.6703125 0.478125 0.08203125 0.25546875
4 0.309375 0.515625 0.01640625 0.03046875
1 0.3046875 0.55078125 0.03671875 0.1359375
0 0.29765625 0.61796875 0.0140625 0.028125
0 0.6078125 0.63046875 0.0140625 0.028125
1 0.29453125 0.64140625 0.05234375 0.08671875
1 0.621875 0.6875 0.05703125 0.23984375
4 0.34140625 0.7515625 0.01640625 0.0265625
0 0.20703125 0.75859375 0.01640625 0.03125
3 0.2234375 0.78671875 0.07578125 0.11640625
1 0.32890625 0.79765625 0.075 0.20859375
4 0.43828125 0.81640625 0.0125 0.02578125
1 0.4640625 0.84609375 0.08203125 0.1765625