1 0.3265625 0.97578125 0.09296875 0.0484375
0 0.3671875 0.98125 0.01171875 0.02421875
0 0.47109375 0.13125 0.01171875 0.0234375
1 0.46953125 0.15703125 0.03046875 0.08046875
1 0.96796875 0.43359375 0.01484375 0.025
1 0.0140625 0.434375 0.028125 0.053125
1 0.94765625 0.44453125 0.06875 0.06953125
2 0.01328125 0.503125 0.0265625 0.053125
4 0.98515625 0.50625 0.01328125 0.021875
1 0.965625 0.50859375 0.06328125 0.0796875
1 0.01953125 0.58046875 0.0390625 0.0640625
4 0.97734375 0.5859375 0.01171875 0.01640625
1 0.9703125 0.58671875 0.0390625 0.08671875
1 0.48671875 0.74375 0.03125 0.06875
4 0.48125 0.76796875 0.01015625 0.01875