0 0.5234375 0.109375 0.0140625 0.03203125
3 0.48125 0.11953125 0.16484375 0.078125
4 0.42890625 0.24375 0.0171875 0.03359375
1 0.38359375 0.2515625 0.13828125 0.08125
1 0.4140625 0.3640625 0.14140625 0.08671875
2 0.58984375 0.36484375 0.090625 0.1984375
0 0.45078125 0.38515625 0.01953125 0.03125
1 0.4203125 0.44609375 0.15625 0.0703125
4 0.459375 0.446875 0.01484375 0.0296875
1 0.328125 0.51015625 0.0546875 0.08125
4 0.33203125 0.51015625 0.01875 0.03125
0 0.5453125 0.53046875 0.02890625 0.03671875
1 0.54296875 0.540625 0.09921875 0.1015625
4 0.4390625 0.54140625 0.02109375 0.03515625
1 0.40859375 0.5703125 0.14921875 0.11484375
1 0.246875 0.6484375 0.1265625 0.13359375
0 0.27265625 0.67734375 0.01796875 0.03046875
0 0.75859375 0.7859375 0.01171875 0.03125
3 0.7140625 0.83125 0.11484375 0.1265625