1 0.22109375 0.109375 0.09609375 0.20078125
4 0.184375 0.14609375 0.01484375 0.02578125
1 0.29375 0.29140625 0.1234375 0.14296875
1 0.38515625 0.309375 0.08828125 0.18828125
0 0.2390625 0.33203125 0.01640625 0.025
3 0.54921875 0.03359375 0.0640625 0.0671875
4 0.36015625 0.3515625 0.01796875 0.025
1 0.42109375 0.38828125 0.07734375 0.21953125
0 0.403125 0.44140625 0.01640625 0.028125
1 0.28515625 0.44921875 0.140625 0.1046875
0 0.553125 0.0453125 0.01484375 0.028125
4 0.2421875 0.46171875 0.01640625 0.025
1 0.21171875 0.5390625 0.04921875 0.0640625
0 0.19765625 0.55625 0.0125 0.02109375
3 0.60390625 0.6328125 0.09140625 0.1859375
2 0.2125 0.6484375 0.06015625 0.15
1 0.30546875 0.671875 0.05859375 0.1453125
0 0.5671875 0.70078125 0.01875 0.0265625
0 0.16015625 0.84609375 0.01171875 0.0234375