1 0.4375 0.95859375 0.02890625 0.07421875
0 0.434375 0.978125 0.00859375 0.025
4 0.4515625 0.103125 0.01328125 0.02421875
2 0.45 0.11171875 0.05625 0.1109375
2 0.503125 0.128125 0.06953125 0.0703125
1 0.41875 0.14375 0.04453125 0.13515625
2 0.37578125 0.20625 0.040625 0.15
2 0.50390625 0.215625 0.07109375 0.1
0 0.509375 0.02578125 0.00859375 0.01796875
1 0.478125 0.25390625 0.0390625 0.096875
4 0.62265625 0.26328125 0.0109375 0.01953125
2 0.640625 0.28671875 0.05234375 0.07421875
0 0.30625 0.31484375 0.01328125 0.021875
4 0.4484375 0.321875 0.009375 0.0203125
1 0.3171875 0.359375 0.046875 0.1515625
1 0.46953125 0.36953125 0.05390625 0.1296875
4 0.67890625 0.3796875 0.01171875 0.02421875
1 0.6859375 0.42109375 0.0453125 0.17421875
0 0.49375 0.44375 0.009375 0.02109375
1 0.4984375 0.4875 0.05859375 0.125
1 0.5296875 0.0734375 0.0515625 0.11640625
4 0.496875 0.79765625 0.01015625 0.01796875
1 0.50546875 0.81640625 0.04609375 0.06015625
0 0.4125 0.0859375 0.01328125 0.01953125