1 0.5328125 0.9390625 0.0640625 0.12109375
4 0.2875 0.09765625 0.02109375 0.0453125
1 0.31171875 0.14296875 0.084375 0.1359375
0 0.5328125 0.4921875 0.02109375 0.046875
3 0.57265625 0.5140625 0.14765625 0.1953125
1 0.18671875 0.5296875 0.1109375 0.14453125
4 0.36484375 0.05546875 0.02265625 0.0296875
4 0.2140625 0.5734375 0.021875 0.03125
3 0.36484375 0.06015625 0.065625 0.11328125
2 0.484375 0.734375 0.09921875 0.18828125
4 0.4515625 0.79453125 0.01875 0.0390625
2 0.36875 0.840625 0.07109375 0.2109375
2 0.38671875 0.8703125 0.13125 0.1
0 0.57421875 0.8859375 0.02265625 0.040625
1 0.57890625 0.91171875 0.07890625 0.17578125
0 0.5359375 0.92109375 0.0171875 0.04609375