0 0.534375 0.09921875 0.0109375 0.02109375
1 0.48359375 0.16171875 0.078125 0.109375
1 0.60234375 0.18828125 0.0640625 0.18515625
0 0.47109375 0.19140625 0.01328125 0.025
0 0.6203125 0.23203125 0.009375 0.01640625
1 0.509375 0.25703125 0.07421875 0.14453125
1 0.68359375 0.25859375 0.04765625 0.1765625
1 0.434375 0.28671875 0.034375 0.12578125
4 0.5109375 0.28828125 0.01015625 0.0234375
4 0.6953125 0.303125 0.01171875 0.0203125
0 0.4359375 0.3265625 0.01328125 0.01875
1 0.6203125 0.34296875 0.05859375 0.09921875
1 0.5375 0.3484375 0.03828125 0.18125
0 0.63828125 0.3765625 0.01015625 0.01953125
4 0.53671875 0.39296875 0.01015625 0.01953125
2 0.5875 0.39453125 0.04140625 0.13984375
2 0.52421875 0.4171875 0.09140625 0.13046875
1 0.45625 0.42578125 0.0578125 0.13203125
2 0.61875 0.42890625 0.03984375 0.125
4 0.56484375 0.43359375 0.009375 0.021875
0 0.5921875 0.453125 0.009375 0.0234375
4 0.475 0.48125 0.01015625 0.01640625
1 0.53671875 0.06953125 0.0375 0.07890625
1 0.4890625 0.79453125 0.06484375 0.0515625
4 0.49921875 0.79453125 0.01171875 0.0203125
1 0.4 0.84453125 0.08203125 0.08046875
0 0.42890625 0.86953125 0.0125 0.0203125