1 0.4828125 0.984375 0.08359375 0.03046875
1 0.5484375 0.140625 0.103125 0.103125
4 0.5734375 0.17890625 0.01328125 0.02109375
1 0.790625 0.390625 0.05234375 0.15390625
0 0.79140625 0.43671875 0.0109375 0.021875
1 0.63203125 0.484375 0.06328125 0.14296875
1 0.8921875 0.4953125 0.03671875 0.0703125
4 0.653125 0.50859375 0.01015625 0.02421875
4 0.89296875 0.51875 0.0109375 0.01328125
2 0.79453125 0.55078125 0.06328125 0.1265625
1 0.896875 0.58515625 0.03671875 0.09609375
0 0.90625 0.61640625 0.00859375 0.01640625
1 0.69921875 0.64921875 0.03984375 0.12109375
2 0.84921875 0.665625 0.053125 0.1640625
2 0.74609375 0.6875 0.046875 0.096875
4 0.696875 0.69609375 0.01015625 0.0234375
2 0.790625 0.72109375 0.0546875 0.1265625
2 0.8046875 0.75625 0.05546875 0.146875
0 0.625 0.8171875 0.009375 0.01953125
1 0.5875 0.81796875 0.08671875 0.08359375