3 0.67578125 0.9359375 0.08515625 0.1265625
1 0.46796875 0.94296875 0.0734375 0.1140625
3 0.28359375 0.94453125 0.0921875 0.11015625
4 0.4515625 0.95859375 0.01328125 0.03828125
2 0.39765625 0.26953125 0.1 0.190625
0 0.4375 0.33046875 0.01796875 0.03359375
1 0.2140625 0.43515625 0.08671875 0.259375
1 0.74296875 0.45078125 0.115625 0.2203125
0 0.2265625 0.4890625 0.01796875 0.03515625
4 0.72421875 0.5078125 0.01953125 0.0359375
2 0.59765625 0.5140625 0.09765625 0.09375
2 0.42734375 0.52890625 0.06171875 0.19140625
1 0.3265625 0.56796875 0.09453125 0.15625
4 0.4375 0.58046875 0.01640625 0.02890625
1 0.44609375 0.60390625 0.07109375 0.09609375
0 0.4609375 0.6140625 0.015625 0.040625
0 0.32265625 0.6265625 0.021875 0.0234375
2 0.4953125 0.63515625 0.07578125 0.11640625
4 0.471875 0.665625 0.01171875 0.03046875
0 0.66953125 0.88984375 0.01875 0.03359375
0 0.3 0.91953125 0.01796875 0.03203125