1 0.665625 0.95703125 0.10703125 0.04375
0 0.69375 0.9609375 0.009375 0.02109375
1 0.78671875 0.27109375 0.07421875 0.11328125
0 0.81328125 0.3015625 0.01015625 0.021875
1 0.8875 0.3484375 0.06328125 0.1359375
2 0.77109375 0.37734375 0.0625 0.09921875
0 0.9046875 0.39296875 0.01171875 0.02109375
2 0.85703125 0.44140625 0.04609375 0.06875
2 0.771875 0.4890625 0.0359375 0.1703125
2 0.70625 0.5265625 0.0546875 0.08671875
0 0.77109375 0.52890625 0.01171875 0.0296875
4 0.72734375 0.540625 0.01015625 0.02109375
2 0.8046875 0.56640625 0.04453125 0.0640625
4 0.82578125 0.6125 0.01171875 0.01953125
1 0.80859375 0.61953125 0.0578125 0.053125
1 0.5453125 0.81640625 0.08359375 0.08359375
4 0.571875 0.825 0.009375 0.0203125