1 0.5171875 0.13671875 0.0390625 0.075
0 0.51484375 0.13671875 0.01015625 0.0203125
2 0.56171875 0.60703125 0.06328125 0.11171875
2 0.67421875 0.68671875 0.084375 0.06171875
4 0.603125 0.690625 0.00859375 0.01796875
1 0.50703125 0.7078125 0.0625 0.12890625
1 0.56953125 0.71328125 0.03671875 0.0484375
0 0.5671875 0.7140625 0.0125 0.0234375
1 0.634375 0.72578125 0.06796875 0.0890625
4 0.49453125 0.73828125 0.00859375 0.01875
2 0.540625 0.77109375 0.04453125 0.1359375
2 0.5828125 0.78203125 0.08046875 0.09453125