0 0.45390625 0.346875 0.0109375 0.01875
1 0.42265625 0.35546875 0.10625 0.06015625
2 0.54453125 0.40078125 0.0578125 0.05
2 0.571875 0.46015625 0.05703125 0.09453125
4 0.42578125 0.48359375 0.01171875 0.01875
1 0.40546875 0.48828125 0.10234375 0.06640625
2 0.52265625 0.5421875 0.03671875 0.096875
1 0.471875 0.5484375 0.05390625 0.05078125
0 0.378125 0.58671875 0.01171875 0.01953125
1 0.36015625 0.59140625 0.08046875 0.06875
4 0.53984375 0.621875 0.01015625 0.02109375
1 0.49765625 0.6328125 0.09609375 0.06015625