0 0.7703125 0.13671875 0.01328125 0.021875
2 0.746875 0.13828125 0.0671875 0.07109375
1 0.76796875 0.18671875 0.03515625 0.0390625
4 0.77578125 0.19296875 0.01171875 0.0203125
2 0.78671875 0.22421875 0.08203125 0.0484375
1 0.84140625 0.23984375 0.0375 0.059375
0 0.85078125 0.24140625 0.01171875 0.01484375
2 0.74609375 0.26171875 0.04140625 0.07890625
2 0.678125 0.309375 0.04375 0.09453125
2 0.72421875 0.31640625 0.06171875 0.146875
1 0.81171875 0.3765625 0.05078125 0.1546875
4 0.81953125 0.43046875 0.01015625 0.01640625
0 0.5796875 0.628125 0.01171875 0.028125
1 0.55625 0.6359375 0.075 0.08671875
2 0.9734375 0.9078125 0.053125 0.03984375
4 0.96953125 0.909375 0.01015625 0.01328125