4 0.29375 0.24296875 0.01796875 0.03046875
2 0.37265625 0.25078125 0.08203125 0.0984375
0 0.51484375 0.26640625 0.01484375 0.028125
2 0.26640625 0.27890625 0.10703125 0.1359375
4 0.41875 0.2875 0.01953125 0.0265625
2 0.53984375 0.296875 0.090625 0.11484375
2 0.35703125 0.31015625 0.08671875 0.0984375
1 0.4046875 0.35703125 0.0671875 0.2203125
2 0.3140625 0.37265625 0.06328125 0.13984375
1 0.36171875 0.0390625 0.103125 0.078125
4 0.28203125 0.4703125 0.01484375 0.02578125
2 0.2953125 0.50390625 0.04609375 0.11640625
0 0.41875 0.51953125 0.01484375 0.028125
1 0.42734375 0.58828125 0.03984375 0.21171875
0 0.63515625 0.59921875 0.0140625 0.025
0 0.3125 0.6515625 0.0140625 0.0265625
3 0.34921875 0.6609375 0.09296875 0.0796875
3 0.64453125 0.66171875 0.0515625 0.25078125