0 0.42734375 0.9375 0.01171875 0.0234375
1 0.42578125 0.94296875 0.0453125 0.0609375
1 0.103125 0.35390625 0.1140625 0.06875
4 0.06875 0.359375 0.01015625 0.01640625
4 0.18359375 0.421875 0.00859375 0.01953125
1 0.21953125 0.428125 0.10234375 0.06328125
1 0.98359375 0.45078125 0.03203125 0.04453125
0 0.99453125 0.45703125 0.01015625 0.01953125
4 0.11171875 0.49375 0.01484375 0.01875
1 0.1484375 0.49609375 0.11875 0.04921875
1 0.98125 0.57578125 0.034375 0.0609375
0 0.990625 0.58203125 0.01875 0.01640625
4 0.1390625 0.5859375 0.01171875 0.0203125
1 0.17421875 0.6 0.11875 0.059375
1 0.44609375 0.7171875 0.03203125 0.146875
0 0.44375 0.78046875 0.01015625 0.01953125