4 0.91015625 0.203125 0.01015625 0.0203125
1 0.90625 0.21640625 0.0390625 0.10390625
4 0.94140625 0.38359375 0.0109375 0.0203125
1 0.93125 0.3875 0.0359375 0.06171875
0 0.69453125 0.49453125 0.0125 0.0203125
1 0.690625 0.503125 0.034375 0.06171875
0 0.81640625 0.515625 0.01640625 0.01796875
1 0.81328125 0.51875 0.034375 0.06953125
4 0.915625 0.52890625 0.01484375 0.01953125
1 0.91328125 0.53125 0.0421875 0.11875
4 0.76875 0.54609375 0.009375 0.02109375
1 0.7640625 0.5609375 0.03984375 0.08125
1 0.82578125 0.59296875 0.0578125 0.07421875
0 0.83203125 0.60859375 0.0125 0.02109375
1 0.74921875 0.63203125 0.03203125 0.1015625
0 0.75234375 0.63984375 0.01015625 0.01875
1 0.97734375 0.653125 0.0453125 0.04609375
1 0.95703125 0.72109375 0.06484375 0.05078125
4 0.971875 0.7265625 0.01171875 0.0234375
1 0.88515625 0.85234375 0.0671875 0.096875
0 0.9109375 0.8703125 0.0125 0.0296875