4 0.5171875 0.93671875 0.0109375 0.02109375
4 0.50859375 0.30234375 0.01015625 0.01953125
1 0.528125 0.35078125 0.0828125 0.1484375
2 0.4140625 0.38203125 0.0484375 0.08125
0 0.51171875 0.396875 0.01171875 0.021875
4 0.59140625 0.4265625 0.01171875 0.0234375
1 0.625 0.42890625 0.10546875 0.065625
1 0.46953125 0.43515625 0.03984375 0.159375
1 0.5375 0.43671875 0.08984375 0.14296875
1 0.5921875 0.52734375 0.121875 0.0953125
0 0.56171875 0.5484375 0.01015625 0.021875
1 0.51171875 0.92421875 0.05234375 0.0703125