0 0.4296875 0.12578125 0.02421875 0.04375
2 0.65859375 0.1515625 0.08671875 0.12421875
1 0.40390625 0.1671875 0.08984375 0.23046875
2 0.73515625 0.18984375 0.07734375 0.25
1 0.46328125 0.20703125 0.09296875 0.28125
4 0.6125 0.22109375 0.0234375 0.04453125
2 0.5578125 0.2234375 0.1234375 0.20625
1 0.5796875 0.33984375 0.15078125 0.32421875
1 0.44453125 0.36953125 0.09609375 0.11953125
4 0.4453125 0.375 0.02421875 0.04453125
0 0.63828125 0.45 0.025 0.05
1 0.6 0.478125 0.16015625 0.1296875
0 0.76484375 0.51328125 0.02421875 0.0359375
3 0.7125 0.58359375 0.16484375 0.2265625
3 0.17265625 0.8859375 0.07734375 0.153125
0 0.15390625 0.8984375 0.028125 0.03984375
4 0.496875 0.0921875 0.0203125 0.03984375