1 0.4609375 0.2515625 0.1421875 0.2640625
0 0.5078125 0.303125 0.02421875 0.04140625
1 0.8890625 0.34140625 0.1609375 0.3
4 0.87109375 0.43203125 0.02265625 0.05625
2 0.6875 0.47578125 0.1703125 0.19296875
4 0.6375 0.5234375 0.01875 0.04140625
1 0.48359375 0.56171875 0.1109375 0.26484375
1 0.2171875 0.56875 0.1546875 0.31328125
0 0.25234375 0.61953125 0.02421875 0.046875
1 0.50390625 0.64375 0.07421875 0.18828125
0 0.46171875 0.65859375 0.0234375 0.053125
4 0.525 0.70859375 0.025 0.05
1 0.446875 0.71796875 0.09296875 0.19921875
0 0.4828125 0.78828125 0.0171875 0.046875