1 0.359375 0.1296875 0.09921875 0.22421875
0 0.4859375 0.265625 0.01796875 0.03125
2 0.14453125 0.2734375 0.10390625 0.1296875
1 0.27265625 0.27890625 0.14296875 0.11171875
0 0.21875 0.296875 0.0171875 0.03046875
1 0.45234375 0.29921875 0.09921875 0.109375
4 0.3671875 0.315625 0.01953125 0.0390625
1 0.27265625 0.353125 0.165625 0.11875
2 0.3609375 0.353125 0.06640625 0.171875
4 0.23203125 0.36875 0.01484375 0.0296875
0 0.51953125 0.49296875 0.01484375 0.03359375
3 0.5765625 0.49921875 0.16640625 0.13125
1 0.51015625 0.05078125 0.07578125 0.10078125
3 0.34921875 0.05390625 0.05078125 0.0890625
0 0.0171875 0.65625 0.0203125 0.02890625
4 0.34609375 0.065625 0.01640625 0.03125
0 0.38203125 0.06796875 0.01875 0.03203125
3 0.03359375 0.6765625 0.05703125 0.078125
4 0.51484375 0.06953125 0.01796875 0.03125