1 0.24609375 0.09296875 0.05390625 0.075
0 0.25078125 0.096875 0.0109375 0.01953125
4 0.6125 0.10390625 0.00859375 0.01640625
1 0.61875 0.1140625 0.04609375 0.0515625
1 0.5796875 0.1296875 0.0375 0.07421875
4 0.58671875 0.1359375 0.01015625 0.01484375
0 0.2578125 0.13828125 0.00859375 0.015625
4 0.6125 0.14453125 0.01015625 0.01484375
1 0.25390625 0.146875 0.053125 0.05546875
1 0.6125 0.15859375 0.03046875 0.05859375
2 0.53671875 0.2875 0.08828125 0.04921875
4 0.5109375 0.2921875 0.01328125 0.01953125
4 0.5640625 0.3265625 0.01015625 0.0203125
1 0.57890625 0.33359375 0.04140625 0.03984375
0 0.45078125 0.38671875 0.009375 0.015625
0 0.6328125 0.39921875 0.00859375 0.01796875
1 0.65546875 0.40078125 0.096875 0.05
1 0.5625 0.40625 0.08046875 0.07890625
2 0.47421875 0.40625 0.05859375 0.08984375
0 0.53046875 0.4109375 0.00859375 0.01796875
4 0.640625 0.4359375 0.00859375 0.01640625
1 0.66953125 0.44921875 0.10390625 0.0640625
0 0.51015625 0.471875 0.0109375 0.01953125
1 0.5421875 0.48359375 0.07578125 0.06796875
1 0.46328125 0.48828125 0.04296875 0.0515625