4 0.5296875 0.54609375 0.0109375 0.01796875
1 0.49609375 0.55234375 0.10859375 0.06015625
1 0.6859375 0.57578125 0.08671875 0.0859375
0 0.54296875 0.6046875 0.01171875 0.01875
1 0.51015625 0.60546875 0.12890625 0.05703125
4 0.5546875 0.68359375 0.01171875 0.021875
0 0.63828125 0.6921875 0.01015625 0.01953125
1 0.51796875 0.7 0.11171875 0.09296875
1 0.6046875 0.70390625 0.10703125 0.06796875
2 0.68046875 0.70859375 0.08359375 0.11640625
2 0.6953125 0.74609375 0.0921875 0.11640625
0 0.646875 0.75859375 0.01484375 0.021875
0 0.65546875 0.7921875 0.0125 0.02109375
1 0.47734375 0.80703125 0.04921875 0.084375
4 0.48203125 0.81875 0.01015625 0.0203125