1 0.5234375 0.178125 0.125 0.115625
0 0.47421875 0.20390625 0.01796875 0.04375
1 0.55859375 0.30859375 0.14140625 0.096875
4 0.51796875 0.3234375 0.01953125 0.0390625
2 0.40390625 0.39296875 0.1375 0.06953125
4 0.67734375 0.403125 0.01796875 0.0359375
1 0.56796875 0.41328125 0.16875 0.0734375
0 0.5265625 0.41796875 0.01953125 0.03515625
1 0.72265625 0.41875 0.16640625 0.09453125
0 0.34140625 0.44375 0.0203125 0.03671875
2 0.39375 0.47109375 0.146875 0.09375
1 0.74921875 0.525 0.1375 0.0703125
0 0.69296875 0.54140625 0.021875 0.03515625
1 0.4953125 0.59609375 0.16640625 0.06484375
4 0.44453125 0.596875 0.01953125 0.03125
4 0.515625 0.075 0.021875 0.040625
3 0.8234375 0.7703125 0.1765625 0.109375
0 0.77421875 0.77109375 0.021875 0.03515625
0 0.26640625 0.8171875 0.02109375 0.04140625
1 0.575 0.084375 0.13828125 0.0765625
3 0.30703125 0.84375 0.14765625 0.22109375