0 0.81328125 0.93203125 0.0125 0.0234375
0 0.97890625 0.21640625 0.01328125 0.01953125
1 0.96875 0.21640625 0.03671875 0.04453125
4 0.81015625 0.25546875 0.01015625 0.01640625
1 0.84609375 0.25625 0.08046875 0.0515625
4 0.67421875 0.30703125 0.01171875 0.01875
1 0.696875 0.31015625 0.1015625 0.03671875
1 0.91875 0.03359375 0.06640625 0.06640625
1 0.7203125 0.3515625 0.1078125 0.03984375
4 0.69921875 0.3578125 0.01015625 0.015625
2 0.940625 0.359375 0.04609375 0.053125
4 0.60859375 0.3859375 0.01171875 0.01875
1 0.634375 0.390625 0.06640625 0.05390625
1 0.98671875 0.39453125 0.0265625 0.0546875
1 0.9359375 0.4109375 0.07890625 0.10078125
4 0.91953125 0.4234375 0.01171875 0.0203125
4 0.921875 0.04296875 0.0109375 0.02109375
4 0.73125 0.45078125 0.01171875 0.01953125
1 0.73203125 0.453125 0.03046875 0.05390625
1 0.953125 0.48671875 0.040625 0.065625
0 0.96171875 0.49453125 0.0125 0.01953125
1 0.80078125 0.925 0.05078125 0.0484375