1 0.0265625 0.96640625 0.05234375 0.06484375
0 0.02421875 0.98203125 0.01171875 0.02109375
1 0.57578125 0.2984375 0.08515625 0.0640625
4 0.55546875 0.30703125 0.0125 0.021875
4 0.63515625 0.38046875 0.01015625 0.025
1 0.64765625 0.3859375 0.0734375 0.05859375
4 0.55 0.4359375 0.0109375 0.021875
1 0.57265625 0.44140625 0.059375 0.06484375
1 0.98984375 0.45546875 0.0203125 0.075
1 0.66015625 0.484375 0.0671875 0.06796875
4 0.63984375 0.49375 0.0125 0.01953125
4 0.559375 0.54609375 0.01171875 0.02109375
1 0.9421875 0.56875 0.07890625 0.08828125
1 0.5953125 0.57578125 0.09375 0.0890625
0 0.95078125 0.58203125 0.01015625 0.021875