1 0.4109375 0.934375 0.02265625 0.046875
0 0.41015625 0.9453125 0.01015625 0.01875
1 0.6609375 0.10390625 0.04453125 0.1
1 0.421875 0.1140625 0.0421875 0.0640625
4 0.4171875 0.11875 0.0109375 0.01953125
0 0.65703125 0.11953125 0.0109375 0.02109375
4 0.56875 0.1796875 0.01328125 0.01875
1 0.59140625 0.18203125 0.10234375 0.0515625
1 0.39375 0.21328125 0.03828125 0.0859375
2 0.56875 0.21640625 0.0671875 0.04375
0 0.6859375 0.21875 0.01171875 0.021875
4 0.38359375 0.22421875 0.0125 0.01875
1 0.68046875 0.2265625 0.03828125 0.071875
4 0.6046875 0.23203125 0.01328125 0.0203125
0 0.53046875 0.23359375 0.009375 0.02109375
1 0.75546875 0.24296875 0.03359375 0.0609375
0 0.7640625 0.24296875 0.01171875 0.015625
1 0.61796875 0.2453125 0.06015625 0.059375
1 0.53515625 0.2484375 0.03828125 0.053125
1 0.3671875 0.26015625 0.07109375 0.071875
4 0.34765625 0.2609375 0.01328125 0.021875
1 0.58671875 0.26484375 0.03046875 0.05703125
0 0.5828125 0.271875 0.01171875 0.01796875
4 0.53203125 0.29140625 0.01171875 0.0203125
1 0.5578125 0.30390625 0.10703125 0.04375
1 0.5875 0.35078125 0.04453125 0.05859375
0 0.5828125 0.353125 0.01015625 0.01875
1 0.53828125 0.415625 0.03828125 0.05546875
0 0.53359375 0.42421875 0.01171875 0.02109375