0 0.39609375 0.9296875 0.015625 0.028125
3 0.41328125 0.93828125 0.07578125 0.1234375
2 0.496875 0.95234375 0.05 0.0953125
0 0.58515625 0.965625 0.01328125 0.02578125
3 0.59765625 0.9703125 0.06796875 0.059375
1 0.5609375 0.4359375 0.14609375 0.090625
0 0.52734375 0.453125 0.015625 0.021875
1 0.109375 0.484375 0.11640625 0.11328125
1 0.74375 0.4875 0.15234375 0.084375
2 0.2359375 0.490625 0.08125 0.10625
0 0.70234375 0.51015625 0.015625 0.03125
1 0.0296875 0.52109375 0.059375 0.115625
4 0.26640625 0.5234375 0.01796875 0.0203125
4 0.03671875 0.5390625 0.01640625 0.03359375
1 0.20390625 0.596875 0.07734375 0.109375
2 0.453125 0.61953125 0.09453125 0.153125
4 0.23671875 0.63515625 0.01171875 0.02421875
2 0.5640625 0.6609375 0.10703125 0.0984375
0 0.42734375 0.66953125 0.0125 0.028125
0 0.5375 0.690625 0.01015625 0.03046875
3 0.46875 0.00859375 0.0375 0.0171875