1 0.86875 0.978125 0.06484375 0.04375
0 0.4015625 0.35546875 0.0109375 0.01953125
2 0.403125 0.3609375 0.03203125 0.06015625
1 0.63515625 0.4640625 0.03515625 0.0984375
4 0.81328125 0.46953125 0.01328125 0.0234375
1 0.80390625 0.4765625 0.03203125 0.06953125
0 0.6375 0.48203125 0.0125 0.021875
4 0.68125 0.48359375 0.0125 0.02421875
1 0.67265625 0.490625 0.0484375 0.05625
1 0.584375 0.53125 0.06640625 0.1
1 0.88359375 0.540625 0.05 0.0453125
4 0.890625 0.54453125 0.0109375 0.0203125
0 0.5890625 0.5484375 0.0140625 0.0203125
1 0.6875 0.5796875 0.028125 0.04296875
1 0.815625 0.58046875 0.03671875 0.04453125
0 0.690625 0.58125 0.01171875 0.01875
4 0.828125 0.58203125 0.0109375 0.02421875
1 0.78671875 0.6640625 0.0484375 0.06953125
1 0.6640625 0.66953125 0.05703125 0.05703125
4 0.80546875 0.67421875 0.01328125 0.021875
0 0.67890625 0.6765625 0.01171875 0.028125
1 0.73046875 0.71171875 0.05390625 0.06328125
4 0.7453125 0.73203125 0.0125 0.02109375