4 0.8078125 0.01328125 0.01328125 0.01640625
1 0.66015625 0.1515625 0.0609375 0.07578125
4 0.6453125 0.15546875 0.0109375 0.025
1 0.3375 0.01875 0.025 0.0375
0 0.4671875 0.1875 0.009375 0.02109375
3 0.465625 0.1984375 0.06171875 0.078125
1 0.31015625 0.021875 0.02890625 0.04375
1 0.50625 0.02265625 0.03828125 0.0453125
1 0.8015625 0.0375 0.040625 0.06796875
0 0.6984375 0.38515625 0.01015625 0.01875
1 0.721875 0.39375 0.11015625 0.07421875
2 0.325 0.4421875 0.0890625 0.04921875
4 0.34609375 0.45078125 0.01015625 0.02109375
1 0.2265625 0.4671875 0.09296875 0.03984375
0 0.73671875 0.471875 0.01171875 0.01796875
4 0.24765625 0.47421875 0.01171875 0.021875
1 0.7609375 0.478125 0.0921875 0.06328125
1 0.55234375 0.48984375 0.08046875 0.040625
0 0.51875 0.49609375 0.0109375 0.021875
4 0.171875 0.49609375 0.01015625 0.01875
1 0.14921875 0.49765625 0.10234375 0.04140625
1 0.071875 0.53046875 0.09140625 0.04453125
4 0.0921875 0.53125 0.0109375 0.0203125
1 0.61796875 0.56015625 0.08125 0.0390625
1 0.5859375 0.56484375 0.0109375 0.021875
0 0.37421875 0.77578125 0.01015625 0.0140625
3 0.36953125 0.78671875 0.02421875 0.04609375
0 0.5140625 0.82421875 0.0109375 0.01875
3 0.51484375 0.82890625 0.04765625 0.06171875