1 0.13828125 0.98671875 0.10859375 0.0265625
0 0.10859375 0.9890625 0.01328125 0.02109375
0 0.0328125 0.3734375 0.01484375 0.021875
3 0.04375 0.38359375 0.03671875 0.05859375
1 0.0265625 0.47421875 0.053125 0.06796875
1 0.0375 0.5578125 0.05078125 0.0640625
4 0.01875 0.55859375 0.01328125 0.0234375
0 0.0984375 0.61015625 0.01328125 0.02578125
1 0.125 0.6515625 0.0921875 0.178125
1 0.53828125 0.78828125 0.03359375 0.0703125
4 0.53984375 0.80390625 0.01484375 0.02421875
1 0.1453125 0.80625 0.0421875 0.05859375
0 0.140625 0.8078125 0.0171875 0.0234375
1 0.2203125 0.809375 0.06953125 0.0546875
1 0.27578125 0.8109375 0.03515625 0.0609375
0 0.26796875 0.8125 0.01796875 0.0234375
0 0.19453125 0.81640625 0.0109375 0.0234375