1 0.24296875 0.978125 0.0484375 0.04375
0 0.02421875 0.22421875 0.01640625 0.0265625
1 0.05703125 0.2265625 0.0625 0.18046875
1 0.0328125 0.24375 0.04765625 0.06953125
0 0.04296875 0.2734375 0.015625 0.02421875
1 0.03203125 0.33125 0.0640625 0.0546875
4 0.02734375 0.33125 0.01328125 0.021875
4 0.19375 0.36875 0.01328125 0.03125
1 0.19765625 0.36875 0.03671875 0.0796875
4 0.04375 0.41328125 0.01328125 0.021875
1 0.05625 0.41875 0.05234375 0.05390625
4 0.21640625 0.45390625 0.01328125 0.01953125
1 0.2140625 0.4578125 0.0515625 0.103125
2 0.01484375 0.47890625 0.02890625 0.03515625
1 0.26796875 0.50546875 0.03203125 0.06328125
4 0.2640625 0.51796875 0.01328125 0.021875
1 0.05546875 0.5234375 0.05078125 0.07109375
0 0.0375 0.5359375 0.0109375 0.0234375
1 0.03515625 0.5609375 0.06015625 0.075
4 0.02734375 0.5859375 0.01328125 0.021875
4 0.08515625 0.67421875 0.01328125 0.01953125
1 0.10546875 0.715625 0.06953125 0.1234375