1 0.64296875 0.15859375 0.0796875 0.10859375
1 0.33828125 0.01796875 0.03046875 0.03515625
4 0.6203125 0.18359375 0.01171875 0.021875
3 0.46953125 0.184375 0.0640625 0.05625
1 0.5046875 0.01875 0.03828125 0.03671875
0 0.4671875 0.18671875 0.0125 0.01953125
4 0.81640625 0.0203125 0.0171875 0.02578125
1 0.3078125 0.021875 0.03125 0.04375
1 0.80703125 0.03671875 0.0453125 0.0734375
1 0.6453125 0.3921875 0.10546875 0.075
0 0.6109375 0.40078125 0.0140625 0.0234375
0 0.64921875 0.478125 0.01015625 0.0234375
2 0.4296875 0.48359375 0.06953125 0.08125
1 0.675 0.48671875 0.09765625 0.05078125
4 0.3234375 0.4890625 0.01171875 0.01953125
2 0.47421875 0.49453125 0.06796875 0.04453125
1 0.29921875 0.4984375 0.09140625 0.07421875
1 0.21953125 0.51328125 0.103125 0.059375
4 0.24375 0.515625 0.0109375 0.021875
4 0.140625 0.51875 0.01015625 0.0234375
1 0.1171875 0.53359375 0.08828125 0.0609375
2 0.51796875 0.571875 0.05859375 0.05
0 0.50078125 0.58125 0.009375 0.01796875
0 0.375 0.77578125 0.01171875 0.01953125
3 0.36640625 0.7953125 0.0328125 0.06328125
0 0.51875 0.83359375 0.01171875 0.02109375
3 0.51328125 0.84609375 0.065625 0.065625