4 0.60859375 0.09296875 0.01796875 0.025
0 0.35625 0.1578125 0.0140625 0.015625
1 0.63984375 0.178125 0.1078125 0.25078125
4 0.44375 0.1890625 0.02109375 0.021875
0 0.63828125 0.1890625 0.02421875 0.046875
2 0.44140625 0.2453125 0.06171875 0.221875
2 0.55546875 0.26015625 0.06796875 0.1515625
1 0.64765625 0.26875 0.05546875 0.21015625
1 0.3578125 0.27109375 0.07265625 0.24375
0 0.575 0.315625 0.0203125 0.03828125
4 0.58984375 0.346875 0.01875 0.04140625
1 0.54765625 0.46328125 0.15703125 0.30703125
4 0.390625 0.59296875 0.0234375 0.04453125
0 0.66875 0.6453125 0.02265625 0.0609375
1 0.34921875 0.64765625 0.15390625 0.28203125
2 0.6078125 0.70625 0.16484375 0.1859375
0 0.75625 0.7359375 0.02265625 0.03828125
3 0.6921875 0.81640625 0.19765625 0.2796875