0 0.13984375 0.09609375 0.04609375 0.096875
4 0.371875 0.1125 0.04765625 0.10078125
1 0.775 0.146875 0.15546875 0.23125
4 0.5484375 0.1703125 0.03828125 0.07578125
1 0.56171875 0.209375 0.13671875 0.15859375
1 0.21875 0.23671875 0.2140625 0.38671875
0 0.51875 0.25703125 0.04453125 0.1
1 0.39921875 0.27109375 0.15078125 0.41796875
1 0.528125 0.4984375 0.1640625 0.621875
1 0.23046875 0.07109375 0.08359375 0.14140625
2 0.85546875 0.72890625 0.2171875 0.54140625
4 0.7984375 0.08125 0.04453125 0.09296875