0 0.4828125 0.20390625 0.00703125 0.01328125
3 0.48203125 0.209375 0.02265625 0.03671875
4 0.15 0.40078125 0.00859375 0.0109375
1 0.15234375 0.40078125 0.03203125 0.05390625
4 0.1546875 0.4578125 0.009375 0.02109375
4 0.09921875 0.45859375 0.01015625 0.01484375
1 0.11171875 0.46171875 0.03359375 0.03984375
1 0.15859375 0.46640625 0.03359375 0.06796875
1 0.86796875 0.478125 0.06015625 0.0453125
0 0.8609375 0.48046875 0.009375 0.01484375
0 0.9234375 0.4859375 0.0109375 0.01171875
1 0.92578125 0.48671875 0.02890625 0.0609375
1 0.1640625 0.53828125 0.0328125 0.06640625
0 0.8671875 0.5453125 0.00859375 0.01640625
4 0.159375 0.54609375 0.01015625 0.01484375
1 0.86484375 0.55078125 0.03515625 0.08046875
1 0.92421875 0.55078125 0.08203125 0.059375
0 0.90625 0.55703125 0.00859375 0.01484375
1 0.496875 0.9015625 0.07109375 0.03203125
4 0.47890625 0.903125 0.00703125 0.0109375