0 0.4984375 0.01640625 0.01640625 0.0296875
0 0.74140625 0.20859375 0.01640625 0.03203125
3 0.76484375 0.2234375 0.096875 0.128125
1 0.6484375 0.26640625 0.07265625 0.14453125
4 0.6703125 0.30078125 0.015625 0.03046875
1 0.48515625 0.04375 0.0421875 0.0875
1 0.73515625 0.47109375 0.11328125 0.125
4 0.85078125 0.50625 0.01640625 0.028125
0 0.72578125 0.51171875 0.01796875 0.02578125
1 0.8140625 0.51953125 0.11171875 0.13515625
0 0.5796875 0.54765625 0.01953125 0.0359375
4 0.67421875 0.58359375 0.01796875 0.03203125
1 0.58984375 0.59140625 0.05546875 0.109375
1 0.71171875 0.6265625 0.12578125 0.19921875
4 0.65546875 0.63125 0.01640625 0.03828125
1 0.66171875 0.67890625 0.03828125 0.140625
0 0.61796875 0.7984375 0.01328125 0.03046875
1 0.665625 0.83984375 0.11484375 0.19296875
0 0.96953125 0.84140625 0.01328125 0.025
3 0.9765625 0.909375 0.04375 0.18046875