1 0.88203125 0.92734375 0.02109375 0.07109375
0 0.0734375 0.9296875 0.0125 0.021875
2 0.77421875 0.9328125 0.03203125 0.084375
1 0.04453125 0.9375 0.034375 0.046875
1 0.9078125 0.9390625 0.04140625 0.096875
1 0.01328125 0.9421875 0.02421875 0.046875
0 0.03203125 0.94921875 0.01015625 0.0140625
1 0.0828125 0.95078125 0.03828125 0.0984375
4 0.39609375 0.11796875 0.0125 0.0203125
0 0.31953125 0.12421875 0.01015625 0.0203125
1 0.3953125 0.128125 0.0296875 0.04921875
1 0.32265625 0.1359375 0.03828125 0.04296875
4 0.42734375 0.19140625 0.01015625 0.01796875
1 0.43359375 0.19296875 0.02890625 0.06484375
0 0.31796875 0.2265625 0.01171875 0.021875
1 0.32421875 0.228125 0.03359375 0.053125
0 0.4703125 0.253125 0.01015625 0.021875
1 0.584375 0.25390625 0.05234375 0.08984375
1 0.471875 0.25703125 0.0328125 0.05390625
4 0.5875 0.2640625 0.01171875 0.02109375
1 0.378125 0.28046875 0.06171875 0.0609375
0 0.35625 0.28359375 0.01015625 0.0234375
0 0.3046875 0.31328125 0.0140625 0.021875
4 0.44453125 0.33828125 0.01171875 0.01953125
1 0.32734375 0.35234375 0.06953125 0.11171875
4 0.378125 0.35859375 0.01015625 0.0203125
2 0.4421875 0.35859375 0.059375 0.10390625
1 0.3828125 0.359375 0.03359375 0.05859375
1 0.24921875 0.45625 0.03203125 0.046875
0 0.2375 0.45859375 0.0109375 0.01875
4 0.96171875 0.61640625 0.01171875 0.01953125
1 0.4875 0.06171875 0.02578125 0.07421875
4 0.490625 0.06171875 0.01015625 0.01875
1 0.96171875 0.63046875 0.05078125 0.0859375
1 0.42890625 0.6640625 0.02890625 0.0796875
4 0.42578125 0.6734375 0.01171875 0.01796875
1 0.4390625 0.74296875 0.02890625 0.05859375
0 0.4328125 0.75859375 0.01171875 0.02109375
1 0.5796875 0.8046875 0.028125 0.05390625
0 0.58125 0.8140625 0.0109375 0.01953125
1 0.52578125 0.88515625 0.028125 0.05703125
1 0.66015625 0.8859375 0.03203125 0.0796875
4 0.3609375 0.090625 0.01015625 0.01796875
4 0.528125 0.9015625 0.0125 0.02109375
1 0.36640625 0.09140625 0.03515625 0.05625
4 0.66953125 0.90859375 0.01171875 0.021875
4 0.8875 0.9125 0.01171875 0.01953125
4 0.91796875 0.9140625 0.01015625 0.02109375