1 0.396875 0.21875 0.0796875 0.06328125
2 0.628125 0.26953125 0.0546875 0.0890625
0 0.75703125 0.27265625 0.0109375 0.02109375
1 0.79375 0.28125 0.13984375 0.13046875
4 0.16875 0.30859375 0.02109375 0.02421875
2 0.521875 0.31484375 0.1 0.121875
1 0.146875 0.33359375 0.12578125 0.090625
2 0.58359375 0.34375 0.065625 0.11484375
4 0.33515625 0.38046875 0.01328125 0.02890625
1 0.303125 0.390625 0.1234375 0.0640625
2 0.646875 0.44453125 0.090625 0.08515625
0 0.6796875 0.684375 0.01484375 0.02578125
3 0.67421875 0.7359375 0.05 0.17109375
3 0.43984375 0.8578125 0.03203125 0.06953125
0 0.4359375 0.86015625 0.01015625 0.02421875