1 0.51171875 0.1640625 0.10078125 0.08515625
4 0.4875 0.1859375 0.01171875 0.021875
2 0.55390625 0.625 0.0703125 0.078125
2 0.49375 0.6390625 0.0390625 0.0796875
2 0.4453125 0.65625 0.05 0.08515625
4 0.3734375 0.66640625 0.01171875 0.01875
0 0.684375 0.684375 0.01484375 0.01953125
1 0.70859375 0.68828125 0.1 0.0765625
1 0.38125 0.7046875 0.09140625 0.1
2 0.5046875 0.721875 0.0390625 0.071875
0 0.63203125 0.73046875 0.01171875 0.01953125
1 0.65625 0.74296875 0.0796875 0.08828125
4 0.4234375 0.79140625 0.0109375 0.01953125
2 0.5546875 0.8140625 0.07890625 0.1046875
1 0.44375 0.815625 0.08984375 0.13984375
0 0.49140625 0.85078125 0.0109375 0.02421875
1 0.5609375 0.8578125 0.06953125 0.0546875
1 0.5078125 0.86484375 0.0453125 0.0890625
0 0.5546875 0.865625 0.00859375 0.01875
0 0.6359375 0.91953125 0.0109375 0.01640625
1 0.65625 0.91953125 0.06953125 0.0703125