2 0.63203125 0.346875 0.07890625 0.1859375
1 0.42734375 0.378125 0.1 0.14453125
0 0.44921875 0.41640625 0.015625 0.02578125
2 0.6390625 0.55078125 0.0546875 0.12109375
3 0.49375 0.55390625 0.11328125 0.1
0 0.60859375 0.55546875 0.01484375 0.0265625
1 0.6 0.559375 0.04453125 0.1015625
0 0.44453125 0.5609375 0.01171875 0.02578125
2 0.57109375 0.61015625 0.0625 0.10546875
3 0.7234375 0.61484375 0.06484375 0.2
0 0.665625 0.61875 0.0109375 0.028125
1 0.62578125 0.628125 0.09765625 0.1046875
0 0.72890625 0.65234375 0.01328125 0.02890625