0 0.3875 0.13203125 0.01171875 0.025
1 0.41953125 0.15078125 0.11953125 0.078125
2 0.23359375 0.37734375 0.084375 0.12890625
1 0.28359375 0.390625 0.0625 0.10390625
4 0.3515625 0.42109375 0.0140625 0.0203125
1 0.378125 0.44375 0.08671875 0.1296875
2 0.23671875 0.45625 0.03984375 0.13125
0 0.29609375 0.46328125 0.01171875 0.0265625
1 0.31796875 0.49609375 0.096875 0.13515625
4 0.23125 0.4984375 0.0125 0.01796875
1 0.24765625 0.52421875 0.071875 0.09921875
0 0.2203125 0.53984375 0.01171875 0.0203125
1 0.24921875 0.5515625 0.10390625 0.1015625
4 0.359375 0.58203125 0.01171875 0.01796875
1 0.37109375 0.6234375 0.08125 0.18984375
0 0.34140625 0.63046875 0.01171875 0.02421875
4 0.1984375 0.63359375 0.00859375 0.01796875
2 0.21015625 0.65625 0.05859375 0.11015625
0 0.134375 0.675 0.01171875 0.01875
1 0.35703125 0.67578125 0.06875 0.146875
1 0.15859375 0.71015625 0.06328125 0.09453125
4 0.35625 0.79140625 0.0140625 0.021875
1 0.36171875 0.83828125 0.03125 0.1609375
4 0.48828125 0.90859375 0.01171875 0.02421875
1 0.51640625 0.90859375 0.11328125 0.05