1 0.48125 0.20390625 0.025 0.04375
0 0.48515625 0.20859375 0.00703125 0.01015625
4 0.17734375 0.39375 0.00703125 0.01484375
1 0.178125 0.39375 0.0328125 0.0515625
4 0.18046875 0.44609375 0.01015625 0.01484375
4 0.13203125 0.4484375 0.00859375 0.01328125
1 0.140625 0.44921875 0.02734375 0.040625
1 0.18359375 0.45390625 0.03125 0.0484375
0 0.83828125 0.46796875 0.01015625 0.01328125
1 0.84765625 0.46796875 0.053125 0.0453125
1 0.8984375 0.47109375 0.0265625 0.07421875
0 0.9015625 0.471875 0.009375 0.01171875
1 0.18828125 0.50703125 0.02890625 0.0546875
4 0.18359375 0.51875 0.00859375 0.01171875
1 0.8453125 0.5234375 0.0234375 0.04375
0 0.84375 0.52578125 0.0078125 0.0140625
1 0.8984375 0.534375 0.07109375 0.065625
0 0.88046875 0.54140625 0.00859375 0.01484375
1 0.515625 0.85859375 0.06484375 0.025
4 0.49921875 0.8609375 0.00703125 0.01171875
1 0.98984375 0.903125 0.0203125 0.0390625