1 0.096875 0.121875 0.15546875 0.18203125
0 0.47578125 0.15703125 0.01796875 0.0203125
0 0.26328125 0.16015625 0.01640625 0.028125
2 0.2796875 0.17109375 0.16484375 0.1140625
1 0.23671875 0.17890625 0.1375 0.13984375
1 0.43671875 0.22421875 0.12890625 0.15703125
4 0.2203125 0.403125 0.015625 0.03671875
1 0.184375 0.42578125 0.15234375 0.1265625
2 0.2390625 0.42890625 0.17421875 0.15703125
0 0.40390625 0.49921875 0.01953125 0.0296875
3 0.371875 0.51640625 0.09453125 0.11015625
4 0.1234375 0.08125 0.0171875 0.03828125