0 0.2359375 0.196875 0.015625 0.025
3 0.2765625 0.209375 0.13203125 0.06640625
0 0.34453125 0.50859375 0.01484375 0.02421875
1 0.3796875 0.53203125 0.1140625 0.08515625
0 0.096875 0.53828125 0.01328125 0.021875
2 0.13671875 0.55546875 0.09765625 0.0640625
4 0.34140625 0.58359375 0.01484375 0.02578125
4 0.478125 0.60234375 0.01484375 0.02890625
1 0.371875 0.6125 0.13359375 0.11015625
1 0.5171875 0.6234375 0.09765625 0.11328125
2 0.17109375 0.62421875 0.13515625 0.053125
0 0.1296875 0.62890625 0.01640625 0.0234375
4 0.2765625 0.64609375 0.01796875 0.02890625
1 0.31953125 0.665625 0.10625 0.0796875
0 0.1421875 0.66953125 0.0125 0.02578125
1 0.18828125 0.69453125 0.10703125 0.07578125
0 0.053125 0.7046875 0.01796875 0.028125
3 0.1015625 0.73359375 0.1140625 0.09375
3 0.615625 0.75546875 0.13359375 0.096875
0 0.5734375 0.784375 0.01640625 0.028125