2 0.1875 0.28984375 0.10625 0.1890625
3 0.36640625 0.03046875 0.10078125 0.06015625
0 0.353125 0.0421875 0.01796875 0.034375
2 0.23359375 0.453125 0.10234375 0.11953125
0 0.40234375 0.4859375 0.015625 0.025
1 0.425 0.48671875 0.096875 0.08203125
2 0.11171875 0.4875 0.0640625 0.2140625
3 0.65625 0.50625 0.08515625 0.121875
2 0.18671875 0.5203125 0.07265625 0.13359375
0 0.62265625 0.546875 0.0171875 0.03046875
1 0.4125 0.55078125 0.1328125 0.10390625
2 0.21640625 0.575 0.128125 0.05546875
0 0.31640625 0.63203125 0.01640625 0.0359375
1 0.3296875 0.690625 0.04765625 0.1765625
3 0.34921875 0.903125 0.16171875 0.10546875
0 0.3 0.90625 0.01796875 0.03046875