0 0.44609375 0.0328125 0.015625 0.0265625
2 0.37578125 0.3390625 0.09765625 0.1890625
4 0.12421875 0.346875 0.01328125 0.02890625
3 0.4625 0.03984375 0.06796875 0.0796875
1 0.10546875 0.42109375 0.06328125 0.1765625
0 0.51796875 0.46171875 0.01484375 0.0265625
4 0.3125 0.46875 0.01484375 0.02578125
2 0.2875 0.47421875 0.08671875 0.253125
1 0.33125 0.47578125 0.05546875 0.0640625
1 0.54609375 0.509375 0.10859375 0.19375
4 0.28828125 0.0578125 0.01484375 0.0265625
2 0.3546875 0.6 0.115625 0.10390625
0 0.25546875 0.69921875 0.01328125 0.03359375
3 0.309375 0.70390625 0.12421875 0.07578125
0 0.5375 0.7203125 0.01640625 0.0296875
3 0.54453125 0.778125 0.07421875 0.253125
1 0.3296875 0.084375 0.10703125 0.09296875