3 0.325 0.1703125 0.0328125 0.11875
0 0.315625 0.21171875 0.01484375 0.02421875
2 0.2953125 0.328125 0.04609375 0.0453125
2 0.1828125 0.33125 0.07109375 0.03984375
2 0.3640625 0.3953125 0.02890625 0.06875
1 0.45859375 0.4234375 0.10234375 0.0515625
2 0.3 0.425 0.04375 0.05546875
4 0.42890625 0.43046875 0.00859375 0.0140625
2 0.334375 0.4375 0.0515625 0.0453125
1 0.14921875 0.44296875 0.078125 0.053125
2 0.3953125 0.50859375 0.06640625 0.0484375
0 0.31640625 0.640625 0.01015625 0.0203125
3 0.3421875 0.65546875 0.0703125 0.04921875
0 0.42890625 0.73125 0.01015625 0.015625
3 0.43125 0.75859375 0.05234375 0.075