0 0.47734375 0.93203125 0.01015625 0.021875
1 0.234375 0.2734375 0.08046875 0.128125
4 0.26015625 0.30859375 0.0109375 0.0203125
1 0.784375 0.46796875 0.03359375 0.17890625
4 0.79453125 0.51328125 0.01484375 0.025
1 0.47578125 0.5359375 0.04453125 0.06171875
4 0.4796875 0.5359375 0.00859375 0.015625
1 0.54375 0.54296875 0.0671875 0.134375
1 0.696875 0.565625 0.05390625 0.1390625
4 0.5578125 0.5671875 0.01015625 0.0234375
4 0.69765625 0.60703125 0.01015625 0.01953125
4 0.69765625 0.60703125 0.01171875 0.01953125
1 0.484375 0.65703125 0.03359375 0.05859375
4 0.609375 0.6625 0.01171875 0.01796875
1 0.61015625 0.6640625 0.03359375 0.0609375
4 0.48671875 0.66640625 0.01015625 0.01953125
1 0.3640625 0.6703125 0.028125 0.059375
0 0.35703125 0.6796875 0.01171875 0.01875
1 0.4609375 0.75859375 0.03515625 0.08203125
0 0.540625 0.7609375 0.015625 0.0296875
1 0.54296875 0.76640625 0.04296875 0.053125
4 0.45625 0.778125 0.01328125 0.0203125
1 0.51171875 0.78828125 0.03984375 0.134375
1 0.65234375 0.79140625 0.0328125 0.0515625
4 0.6609375 0.79921875 0.0125 0.021875
4 0.5078125 0.81328125 0.01484375 0.01953125
1 0.553125 0.88046875 0.053125 0.08046875
4 0.56796875 0.88203125 0.0109375 0.0203125
0 0.5296875 0.890625 0.01328125 0.025
1 0.528125 0.8984375 0.0359375 0.078125
1 0.484375 0.909375 0.03203125 0.06640625