4 0.47890625 0.22890625 0.01640625 0.021875
1 0.4734375 0.23125 0.06171875 0.08359375
2 0.4421875 0.45703125 0.07890625 0.09453125
2 0.44453125 0.45703125 0.084375 0.090625
1 0.5390625 0.47890625 0.0890625 0.13125
1 0.49296875 0.52109375 0.03828125 0.15078125
4 0.365625 0.525 0.01484375 0.02421875
0 0.6890625 0.546875 0.01640625 0.0234375
0 0.50390625 0.55625 0.009375 0.028125
1 0.709375 0.55859375 0.0765625 0.11484375
1 0.353125 0.55859375 0.0640625 0.14609375
1 0.52109375 0.57109375 0.05078125 0.059375
2 0.565625 0.63125 0.08671875 0.08125
0 0.54453125 0.63203125 0.01328125 0.021875
2 0.44453125 0.65078125 0.04296875 0.0734375
4 0.5171875 0.8046875 0.01484375 0.03125
1 0.51953125 0.82890625 0.05703125 0.090625
0 0.7609375 0.88203125 0.01015625 0.01875
1 0.7859375 0.88359375 0.10234375 0.075