0 0.484375 0.1953125 0.00859375 0.01640625
1 0.48125 0.21015625 0.0234375 0.05390625
1 0.128125 0.40234375 0.03515625 0.0765625
4 0.1234375 0.40703125 0.00859375 0.015625
4 0.12578125 0.465625 0.009375 0.01875
4 0.07109375 0.471875 0.01015625 0.01796875
1 0.0828125 0.47265625 0.03515625 0.04140625
1 0.13515625 0.47734375 0.03203125 0.053125
1 0.88828125 0.484375 0.0625 0.05
0 0.8828125 0.48515625 0.01015625 0.01640625
0 0.95625 0.49296875 0.0109375 0.015625
1 0.94921875 0.4984375 0.03828125 0.071875
1 0.140625 0.55703125 0.03359375 0.065625
1 0.89453125 0.56171875 0.02734375 0.0546875
0 0.8890625 0.56328125 0.01015625 0.0140625
1 0.94765625 0.565625 0.078125 0.06171875
0 0.93125 0.56796875 0.009375 0.015625
4 0.1296875 0.571875 0.009375 0.01640625