0 0.465625 0.13828125 0.01640625 0.0265625
3 0.5015625 0.16328125 0.09375 0.10078125
0 0.509375 0.43203125 0.0125 0.0203125
1 0.52265625 0.446875 0.05703125 0.06875
1 0.275 0.509375 0.03359375 0.04375
0 0.27734375 0.51328125 0.01328125 0.025
4 0.69140625 0.5140625 0.015625 0.0265625
1 0.69140625 0.5234375 0.06484375 0.08203125
1 0.49453125 0.54296875 0.03984375 0.0890625
4 0.49140625 0.5484375 0.01484375 0.025
1 0.60390625 0.5515625 0.065625 0.05625
4 0.62421875 0.55390625 0.01640625 0.02578125
0 0.35546875 0.55703125 0.01484375 0.0234375
4 0.2796875 0.5609375 0.01484375 0.0265625
1 0.27109375 0.57734375 0.03984375 0.06171875
2 0.35546875 0.596875 0.0609375 0.04140625
1 0.396875 0.596875 0.12890625 0.12109375
0 0.33203125 0.603125 0.01484375 0.021875
3 0.309375 0.69140625 0.03203125 0.05859375
0 0.30078125 0.703125 0.01171875 0.021875
0 0.89921875 0.809375 0.0125 0.0265625
3 0.8890625 0.81640625 0.04140625 0.078125