4 0.96796875 0.37578125 0.015625 0.0265625
1 0.96328125 0.3796875 0.040625 0.08359375
0 0.00546875 0.415625 0.0109375 0.021875
1 0.01484375 0.41953125 0.0296875 0.0578125
1 0.98359375 0.453125 0.0328125 0.09375
1 0.95703125 0.48125 0.046875 0.0765625
1 0.02734375 0.4921875 0.0375 0.075
0 0.01484375 0.49453125 0.01328125 0.025
4 0.9640625 0.49921875 0.01484375 0.01953125
1 0.975 0.571875 0.05 0.065625
4 0.99140625 0.5859375 0.0140625 0.028125
3 0.45078125 0.87265625 0.02734375 0.06015625
0 0.44609375 0.88671875 0.01171875 0.0234375