1 0.40546875 0.98671875 0.0296875 0.02578125
0 0.0625 0.4671875 0.01328125 0.025
1 0.084375 0.47421875 0.05859375 0.065625
4 0.31796875 0.521875 0.0125 0.02421875
1 0.1140625 0.534375 0.04375 0.06328125
0 0.103125 0.53828125 0.01328125 0.01875
1 0.33046875 0.5484375 0.0609375 0.13828125
4 0.1734375 0.55859375 0.01328125 0.02890625
1 0.26796875 0.5828125 0.04453125 0.1140625
1 0.19140625 0.584375 0.10390625 0.1453125
4 0.4328125 0.60703125 0.01484375 0.02109375
1 0.43515625 0.6140625 0.05234375 0.09375
4 0.2625 0.62578125 0.0140625 0.02578125
1 0.5734375 0.63203125 0.04140625 0.06640625
0 0.5765625 0.64375 0.01171875 0.0296875
0 0.203125 0.653125 0.01171875 0.0265625
0 0.16171875 0.66796875 0.0125 0.02890625
4 0.3390625 0.66875 0.01484375 0.02421875
1 0.3453125 0.6859375 0.07734375 0.078125
1 0.21796875 0.69453125 0.0625 0.13828125
1 0.1734375 0.71171875 0.04296875 0.134375
1 0.14453125 0.8609375 0.0328125 0.0734375
0 0.35078125 0.86484375 0.01328125 0.02578125
4 0.14375 0.865625 0.01171875 0.025
1 0.38359375 0.8796875 0.10546875 0.0890625