1 0.8 0.940625 0.05234375 0.0953125
0 0.81953125 0.97421875 0.01328125 0.0203125
1 0.83046875 0.44921875 0.05234375 0.05078125
4 0.8328125 0.45390625 0.01171875 0.01953125
1 0.66640625 0.52109375 0.09453125 0.08671875
0 0.58984375 0.52734375 0.01015625 0.01796875
1 0.58125 0.5328125 0.06796875 0.0859375
0 0.628125 0.55 0.01171875 0.01875
1 0.8453125 0.58046875 0.0609375 0.06640625
4 0.85234375 0.59140625 0.01171875 0.01953125
1 0.63984375 0.59453125 0.0453125 0.1203125
1 0.93203125 0.6046875 0.0828125 0.140625
0 0.640625 0.6125 0.0109375 0.01953125
4 0.92109375 0.63984375 0.01171875 0.01875
1 0.55625 0.64375 0.05234375 0.12890625
0 0.54765625 0.65390625 0.009375 0.015625
1 0.7171875 0.68046875 0.11484375 0.059375
4 0.6890625 0.69140625 0.0109375 0.02109375
1 0.578125 0.69921875 0.04609375 0.1359375
0 0.565625 0.7140625 0.01015625 0.01875
0 0.65390625 0.71796875 0.01171875 0.01953125
1 0.8875 0.73125 0.103125 0.07109375
1 0.66015625 0.73671875 0.04453125 0.146875
1 0.78671875 0.74375 0.10078125 0.0703125
4 0.86640625 0.74609375 0.01484375 0.01953125
4 0.7609375 0.7578125 0.01484375 0.02109375