1 0.95 0.97890625 0.03203125 0.04140625
4 0.9484375 0.98515625 0.01484375 0.02578125
4 0.84140625 0.3375 0.01171875 0.0234375
1 0.846875 0.353125 0.06328125 0.09453125
1 0.85703125 0.5203125 0.04609375 0.0984375
0 0.790625 0.521875 0.01484375 0.03046875
1 0.76953125 0.52265625 0.09140625 0.0546875
4 0.8546875 0.54453125 0.01640625 0.025
1 0.79765625 0.59296875 0.05 0.05625
1 0.9421875 0.5953125 0.03359375 0.08671875
0 0.80703125 0.59765625 0.01015625 0.025
4 0.94609375 0.5984375 0.01640625 0.03046875
4 0.853125 0.59921875 0.0140625 0.0265625
1 0.84375 0.60546875 0.04140625 0.065625
0 0.6625 0.60859375 0.01015625 0.0203125
1 0.64609375 0.609375 0.08671875 0.040625
0 0.79375 0.659375 0.0203125 0.02578125
1 0.7828125 0.6625 0.08984375 0.04375
1 0.86875 0.68359375 0.0453125 0.115625
4 0.884375 0.690625 0.01484375 0.03046875
1 0.83515625 0.7125 0.07421875 0.0640625
4 0.840625 0.72890625 0.01796875 0.0234375