4 0.515625 0.35546875 0.01328125 0.021875
1 0.51484375 0.36953125 0.03828125 0.071875
0 0.53046875 0.4859375 0.01015625 0.02421875
0 0.9796875 0.4921875 0.01015625 0.01953125
1 0.025 0.503125 0.04921875 0.0484375
1 0.97109375 0.50390625 0.05703125 0.08046875
0 0.01328125 0.509375 0.01328125 0.01484375
1 0.50859375 0.515625 0.08359375 0.11328125
0 0.996875 0.5765625 0.00625 0.025
1 0.9828125 0.57734375 0.03359375 0.0546875
4 0.47890625 0.63125 0.00859375 0.01953125
1 0.98203125 0.6484375 0.03515625 0.05078125
1 0.0328125 0.65078125 0.04609375 0.06484375
4 0.01953125 0.653125 0.0125 0.01953125
2 0.4921875 0.6578125 0.0671875 0.13828125
1 0.009375 0.6734375 0.01796875 0.05
0 0.00546875 0.68125 0.01015625 0.01796875
1 0.0921875 0.69296875 0.06015625 0.04609375
4 0.0703125 0.69375 0.01171875 0.01953125