4 0.8515625 0.93203125 0.01015625 0.0203125
4 0.478125 0.1015625 0.01171875 0.021875
1 0.4796875 0.11328125 0.03984375 0.0609375
1 0.01875 0.378125 0.03671875 0.040625
1 0.02265625 0.4453125 0.0453125 0.0625
0 0.00625 0.4484375 0.01171875 0.01953125
1 0.9921875 0.453125 0.015625 0.059375
4 0.99140625 0.45859375 0.009375 0.01796875
1 0.9609375 0.4703125 0.03984375 0.1203125
4 0.96640625 0.47734375 0.0125 0.01953125
0 0.015625 0.51640625 0.01171875 0.0265625
1 0.028125 0.51640625 0.05625 0.0609375
1 0.98203125 0.54140625 0.0359375 0.0828125
1 0.47421875 0.79140625 0.04765625 0.05
4 0.46640625 0.8 0.009375 0.02578125
1 0.1515625 0.9015625 0.03984375 0.05625
0 0.13984375 0.90859375 0.01171875 0.02109375
0 0.421875 0.9109375 0.01015625 0.01796875
1 0.42734375 0.91328125 0.03515625 0.04375
1 0.83359375 0.925 0.05859375 0.0609375