4 0.44453125 0.1765625 0.00859375 0.0140625
1 0.45390625 0.184375 0.0359375 0.05078125
4 0.02109375 0.40703125 0.009375 0.01484375
1 0.03515625 0.40859375 0.05703125 0.040625
0 0.990625 0.41015625 0.01171875 0.0203125
1 0.97734375 0.4203125 0.04140625 0.0609375
1 0.0625 0.46640625 0.0421875 0.05390625
4 0.05 0.471875 0.0109375 0.01640625
1 0.01875 0.4890625 0.0375 0.059375
1 0.9765625 0.521875 0.046875 0.08125
1 0.0421875 0.53125 0.04609375 0.05390625
0 0.984375 0.534375 0.01171875 0.01640625
4 0.02578125 0.53515625 0.01015625 0.01875