1 0.134375 0.92890625 0.08359375 0.14140625
2 0.515625 0.1640625 0.0703125 0.31640625
1 0.86328125 0.21015625 0.19375 0.2484375
4 0.82578125 0.2703125 0.02734375 0.0484375
0 0.5171875 0.28046875 0.02421875 0.040625
2 0.50703125 0.359375 0.1703125 0.18671875
4 0.4609375 0.40546875 0.02421875 0.040625
0 0.36015625 0.41015625 0.02890625 0.04453125
2 0.2890625 0.4109375 0.18203125 0.13671875
4 0.46171875 0.46640625 0.02578125 0.0390625
1 0.46484375 0.490625 0.0421875 0.12109375
4 0.5078125 0.49921875 0.021875 0.04375
2 0.40546875 0.503125 0.08359375 0.175
0 0.4203125 0.51484375 0.01640625 0.040625
1 0.528125 0.546875 0.06796875 0.16796875
1 0.475 0.6640625 0.07890625 0.14921875
0 0.47578125 0.671875 0.02421875 0.05078125
0 0.69296875 0.71015625 0.025 0.0515625
3 0.653125 0.8140625 0.13828125 0.371875