1 0.53046875 0.16171875 0.103125 0.071875
0 0.49375 0.16953125 0.01171875 0.01953125
4 0.4078125 0.22578125 0.01328125 0.021875
4 0.58046875 0.23671875 0.01171875 0.02109375
0 0.41875 0.24609375 0.0609375 0.1140625
1 0.61484375 0.2546875 0.125 0.08125
2 0.40625 0.3515625 0.08671875 0.08125
0 0.36640625 0.36953125 0.01015625 0.0203125
1 0.4265625 0.42578125 0.10859375 0.0765625
0 0.396875 0.44296875 0.01015625 0.01875
0 0.55078125 0.8328125 0.009375 0.02109375
1 0.5765625 0.8734375 0.10703125 0.15