0 0.7390625 0.09453125 0.01640625 0.028125
3 0.69765625 0.09453125 0.1125 0.11171875
2 0.93046875 0.14140625 0.1390625 0.17109375
0 0.97734375 0.165625 0.015625 0.03046875
0 0.4671875 0.221875 0.01171875 0.01875
3 0.4328125 0.24140625 0.09609375 0.10390625
1 0.2578125 0.284375 0.1796875 0.146875
1 0.8734375 0.30703125 0.15390625 0.09296875
4 0.80546875 0.315625 0.01796875 0.0359375
4 0.2015625 0.31875 0.01796875 0.02890625
1 0.7390625 0.03359375 0.0875 0.0671875
0 0.4984375 0.378125 0.01640625 0.03046875
1 0.53984375 0.403125 0.1296875 0.09140625
1 0.91171875 0.6390625 0.08359375 0.08515625
0 0.94296875 0.65859375 0.02109375 0.0390625
4 0.8109375 0.70078125 0.01953125 0.034375
1 0.84921875 0.71796875 0.18671875 0.12890625