0 0.36796875 0.09296875 0.01640625 0.03046875
0 0.03515625 0.9640625 0.01875 0.02890625
3 0.0234375 0.96484375 0.046875 0.0703125
4 0.22109375 0.1609375 0.01796875 0.03984375
1 0.178125 0.184375 0.1546875 0.1015625
1 0.40703125 0.38671875 0.090625 0.159375
0 0.44140625 0.4265625 0.02265625 0.03359375
1 0.33046875 0.459375 0.17109375 0.08671875
1 0.07109375 0.46875 0.13984375 0.0890625
4 0.37109375 0.46953125 0.015625 0.01953125
4 0.0984375 0.47265625 0.01953125 0.03046875
2 0.44453125 0.51328125 0.07578125 0.09609375
1 0.2328125 0.51953125 0.08828125 0.13046875
4 0.26640625 0.571875 0.01640625 0.0265625
1 0.0859375 0.66171875 0.15859375 0.09609375
3 0.32109375 0.06875 0.159375 0.09609375
0 0.1265625 0.6953125 0.02421875 0.02578125
0 0.546875 0.76796875 0.015625 0.02890625
3 0.521875 0.79609375 0.1140625 0.10078125