0 0.76171875 0.31796875 0.01015625 0.01875
4 0.603125 0.33125 0.0125 0.01875
1 0.73203125 0.334375 0.09296875 0.075
1 0.5765625 0.353125 0.08515625 0.09140625
0 0.85859375 0.36640625 0.0125 0.02109375
2 0.83125 0.37109375 0.08671875 0.0703125
2 0.859375 0.38671875 0.06796875 0.10546875
4 0.62578125 0.42265625 0.009375 0.015625
4 0.82109375 0.4234375 0.009375 0.0203125
1 0.79140625 0.43046875 0.06796875 0.0484375
1 0.59921875 0.440625 0.109375 0.078125
2 0.7875 0.44921875 0.0671875 0.065625
4 0.6234375 0.04921875 0.0109375 0.0203125
0 0.6296875 0.5046875 0.0125 0.01875
1 0.58671875 0.0515625 0.096875 0.08203125
1 0.6046875 0.5234375 0.1 0.08125
4 0.71953125 0.53359375 0.01171875 0.0234375
4 0.81875 0.53515625 0.0109375 0.01875
1 0.7921875 0.5375 0.10625 0.06796875
1 0.68984375 0.54453125 0.0875 0.08671875
0 0.60625 0.62109375 0.01328125 0.01953125
1 0.57578125 0.6265625 0.0921875 0.06328125
4 0.63125 0.63203125 0.0125 0.02109375
1 0.621875 0.64921875 0.08984375 0.08046875
1 0.515625 0.67265625 0.08828125 0.1234375
0 0.53671875 0.6921875 0.0109375 0.0234375
1 0.5734375 0.89140625 0.03515625 0.05625
0 0.58125 0.9015625 0.01171875 0.021875