2 0.19453125 0.29765625 0.0890625 0.1359375
2 0.24375 0.4265625 0.1046875 0.08671875
0 0.31484375 0.459375 0.01796875 0.03125
1 0.35859375 0.46796875 0.159375 0.11484375
0 0.1578125 0.4859375 0.01640625 0.02578125
1 0.12421875 0.50546875 0.11328125 0.1140625
0 0.63125 0.50625 0.01484375 0.02890625
3 0.66953125 0.50625 0.13125 0.15703125
3 0.36015625 0.0515625 0.09921875 0.103125
0 0.32578125 0.5234375 0.0171875 0.03125
0 0.33515625 0.05625 0.01796875 0.03125
4 0.2375 0.578125 0.0140625 0.02578125
2 0.209375 0.60078125 0.090625 0.1046875
1 0.3453125 0.61328125 0.05859375 0.23984375
1 0.12421875 0.6234375 0.0703125 0.13828125
0 0.1328125 0.665625 0.01484375 0.02578125
0 0.26171875 0.84609375 0.015625 0.03671875
3 0.315625 0.8921875 0.125 0.1953125