1 0.38984375 0.140625 0.06484375 0.075
1 0.2828125 0.1421875 0.1234375 0.053125
0 0.31171875 0.1453125 0.0140625 0.02578125
0 0.41171875 0.14921875 0.009375 0.0203125
1 0.19765625 0.15703125 0.1125 0.065625
1 0.10390625 0.1609375 0.12421875 0.0953125
0 0.22265625 0.16953125 0.01484375 0.02578125
0 0.134375 0.178125 0.01015625 0.01796875
2 0.45 0.184375 0.05859375 0.1234375
1 0.35859375 0.21328125 0.10703125 0.0890625
1 0.278125 0.215625 0.08359375 0.121875
1 0.31015625 0.2265625 0.01171875 0.02578125
0 0.46875 0.23046875 0.0109375 0.0234375
0 0.3953125 0.2390625 0.0125 0.0234375
2 0.5015625 0.30703125 0.10859375 0.07578125
0 0.53203125 0.3109375 0.01171875 0.0234375
1 0.21328125 0.31328125 0.11640625 0.06875
0 0.240625 0.32109375 0.01328125 0.028125
2 0.48203125 0.34609375 0.096875 0.065625
0 0.509375 0.3515625 0.01328125 0.025
1 0.36875 0.40859375 0.11796875 0.06484375
0 0.40078125 0.41171875 0.01484375 0.0265625
0 0.165625 0.47421875 0.0109375 0.02109375
0 0.303125 0.475 0.01328125 0.02421875
1 0.2734375 0.478125 0.1109375 0.05
1 0.13203125 0.4859375 0.12265625 0.078125
0 0.1828125 0.8609375 0.01484375 0.025
1 0.290625 0.865625 0.05703125 0.04921875
4 0.28984375 0.865625 0.01640625 0.01875
1 0.39765625 0.86640625 0.09453125 0.06796875
4 0.421875 0.86640625 0.0140625 0.028125
1 0.17421875 0.871875 0.046875 0.09453125
0 0.2359375 0.88125 0.01171875 0.02109375
1 0.23671875 0.9125 0.04765625 0.13984375