1 0.965625 0.3859375 0.04921875 0.08671875
0 0.42734375 0.38828125 0.01015625 0.01640625
0 0.975 0.390625 0.01171875 0.01875
1 0.4265625 0.40234375 0.03515625 0.05859375
4 0.021875 0.50078125 0.0109375 0.01875
1 0.03046875 0.50546875 0.03828125 0.0609375
0 0.9671875 0.50625 0.01484375 0.01796875
1 0.9515625 0.50703125 0.04765625 0.08828125
1 0.90390625 0.5234375 0.05078125 0.0859375
0 0.9171875 0.53046875 0.01015625 0.01640625
1 0.04453125 0.55546875 0.04765625 0.04296875
4 0.0390625 0.56171875 0.01171875 0.01953125
1 0.0109375 0.57109375 0.021875 0.05078125
1 0.8921875 0.57890625 0.06171875 0.06484375
0 0.91640625 0.5953125 0.01484375 0.01640625