0 0.63515625 0.22578125 0.009375 0.01328125
3 0.6640625 0.25078125 0.09765625 0.08203125
1 0.5890625 0.02890625 0.028125 0.0578125
2 0.32578125 0.32109375 0.08515625 0.0640625
4 0.29453125 0.32421875 0.00859375 0.01796875
4 0.48984375 0.328125 0.009375 0.015625
0 0.54375 0.33046875 0.00703125 0.01484375
1 0.4984375 0.33828125 0.03515625 0.0703125
3 0.95234375 0.034375 0.09453125 0.06875
1 0.56171875 0.34453125 0.075 0.0609375
4 0.46328125 0.3484375 0.00703125 0.0140625
2 0.16171875 0.34921875 0.08203125 0.0515625
0 0.39609375 0.35625 0.00703125 0.01328125
1 0.4671875 0.35859375 0.02578125 0.0484375
0 0.19296875 0.365625 0.00703125 0.015625
1 0.4265625 0.37265625 0.08046875 0.06953125
2 0.22421875 0.3734375 0.06953125 0.0546875
0 0.28828125 0.41953125 0.00859375 0.01796875
1 0.31015625 0.44296875 0.071875 0.06640625
3 0.20390625 0.58359375 0.0734375 0.09296875
0 0.17421875 0.6109375 0.00859375 0.01796875
1 0.38671875 0.06953125 0.07265625 0.04296875
0 0.359375 0.075 0.00859375 0.01484375
4 0.496875 0.75625 0.0078125 0.01328125
3 0.52890625 0.759375 0.07265625 0.04375