0 0.19140625 0.01640625 0.01171875 0.01953125
1 0.59609375 0.021875 0.0265625 0.04375
1 0.19453125 0.028125 0.0328125 0.05625
0 0.36484375 0.49453125 0.009375 0.0140625
1 0.3421875 0.515625 0.0859375 0.065625
2 0.28828125 0.6046875 0.0328125 0.10390625
0 0.38359375 0.64296875 0.00859375 0.01953125
1 0.2828125 0.64921875 0.02890625 0.046875
0 0.28125 0.65390625 0.0078125 0.015625
1 0.36484375 0.6640625 0.07265625 0.09921875
0 0.2921875 0.66796875 0.009375 0.01796875
1 0.28203125 0.68828125 0.05390625 0.05546875
4 0.428125 0.734375 0.01015625 0.0140625
0 0.29453125 0.753125 0.0109375 0.01640625
1 0.4 0.78125 0.08828125 0.1109375
1 0.3421875 0.78671875 0.021875 0.05546875
1 0.28515625 0.7875 0.05546875 0.13828125
4 0.3390625 0.7984375 0.00859375 0.01875