1 0.98359375 0.2453125 0.0328125 0.10703125
4 0.51015625 0.37890625 0.009375 0.01640625
1 0.5453125 0.38125 0.11328125 0.0640625
1 0.98125 0.38125 0.0375 0.06875
0 0.9890625 0.39921875 0.0140625 0.0203125
2 0.9140625 0.48046875 0.0765625 0.07578125
1 0.53046875 0.50390625 0.09921875 0.059375
1 0.9703125 0.50390625 0.04296875 0.10546875
0 0.98515625 0.50546875 0.01015625 0.02421875
4 0.5015625 0.515625 0.01171875 0.01953125
1 0.640625 0.59921875 0.11484375 0.046875
4 0.60546875 0.6015625 0.0109375 0.01640625
4 0.60859375 0.71328125 0.0125 0.02109375
1 0.60234375 0.7140625 0.05703125 0.09140625