1 0.3390625 0.35234375 0.090625 0.16953125
2 0.5921875 0.37890625 0.06953125 0.1265625
0 0.36328125 0.3828125 0.01171875 0.025
0 0.57265625 0.41171875 0.01015625 0.02109375
2 0.4625 0.471875 0.10546875 0.08125
0 0.48671875 0.47890625 0.0109375 0.02421875
1 0.7046875 0.49921875 0.05390625 0.17578125
4 0.69453125 0.55859375 0.0109375 0.0234375
2 0.55546875 0.578125 0.0609375 0.06875
4 0.57578125 0.59375 0.00859375 0.015625
2 0.615625 0.5984375 0.0703125 0.08203125
0 0.46875 0.60078125 0.00859375 0.01875
2 0.44921875 0.603125 0.071875 0.06015625
4 0.59921875 0.6078125 0.01015625 0.02109375
2 0.5578125 0.625 0.07890625 0.07421875
0 0.5828125 0.640625 0.00859375 0.0203125
1 0.484375 0.88359375 0.0421875 0.0640625
4 0.4859375 0.89765625 0.009375 0.02109375