0 0.5875 0.1734375 0.01796875 0.034375
3 0.64453125 0.17890625 0.17421875 0.0859375
0 0.603125 0.3484375 0.01484375 0.03046875
4 0.56640625 0.35 0.01796875 0.03125
2 0.53671875 0.42109375 0.08046875 0.2296875
1 0.71484375 0.42890625 0.0890625 0.184375
4 0.62109375 0.4515625 0.0171875 0.02890625
0 0.73671875 0.45625 0.01796875 0.03828125
2 0.5921875 0.46875 0.0484375 0.2703125
0 0.44375 0.49296875 0.01875 0.034375
1 0.6140625 0.4953125 0.06171875 0.19453125
1 0.41328125 0.559375 0.14296875 0.259375
4 0.434375 0.61796875 0.02109375 0.03515625
0 0.921875 0.62109375 0.0171875 0.03125
4 0.69140625 0.65625 0.015625 0.0234375
3 0.91796875 0.67421875 0.1 0.1640625
1 0.4125 0.684375 0.10859375 0.25078125
1 0.69453125 0.74921875 0.05625 0.21171875
0 0.6671875 0.80859375 0.01953125 0.034375
1 0.6859375 0.875 0.075 0.25