1 0.96484375 0.9296875 0.05078125 0.06875
1 0.97265625 0.9359375 0.00078125 0.00078125
1 0.21484375 0.94140625 0.05078125 0.065625
1 0.68828125 0.94765625 0.025 0.04140625
4 0.98203125 0.9515625 0.0125 0.02421875
0 0.20546875 0.9515625 0.015625 0.03125
0 0.6921875 0.95859375 0.01015625 0.0203125
4 0.6953125 0.3125 0.01328125 0.01953125
1 0.68515625 0.33203125 0.0375 0.071875
0 0.6046875 0.50078125 0.01171875 0.01875
1 0.70390625 0.503125 0.06796875 0.06953125
1 0.60859375 0.50625 0.05078125 0.06796875
4 0.7 0.50859375 0.0140625 0.0203125
1 0.63125 0.55546875 0.04609375 0.06171875
0 0.63984375 0.559375 0.009375 0.0203125
1 0.83984375 0.5609375 0.04140625 0.08046875
1 0.6828125 0.575 0.04765625 0.0609375
1 0.57265625 0.5765625 0.03828125 0.0515625
0 0.57109375 0.578125 0.01171875 0.0203125
4 0.6875 0.57890625 0.01015625 0.01953125
4 0.8453125 0.5859375 0.01171875 0.01953125
1 0.68984375 0.61875 0.08984375 0.1015625
1 0.6421875 0.62578125 0.0375 0.04609375
0 0.6421875 0.628125 0.0125 0.01875
1 0.771875 0.63046875 0.0203125 0.0734375
4 0.7671875 0.6484375 0.01171875 0.0234375
4 0.6796875 0.65703125 0.01484375 0.025