2 0.96484375 0.11953125 0.06953125 0.11953125
4 0.62890625 0.16953125 0.015625 0.03359375
1 0.65859375 0.20078125 0.12421875 0.1015625
0 0.53515625 0.26328125 0.0140625 0.0203125
2 0.45625 0.26640625 0.07578125 0.0703125
1 0.56015625 0.2875 0.10703125 0.10078125
2 0.43046875 0.315625 0.034375 0.075
4 0.45859375 0.353125 0.01328125 0.02578125
4 0.57890625 0.3703125 0.01171875 0.028125
2 0.48515625 0.3828125 0.0703125 0.09921875
2 0.60703125 0.41875 0.06640625 0.12578125
0 0.5453125 0.48046875 0.01640625 0.03359375
2 0.5734375 0.51640625 0.09609375 0.16796875
4 0.57265625 0.59140625 0.01875 0.03359375
0 0.70390625 0.61796875 0.01953125 0.034375
1 0.72890625 0.62109375 0.13359375 0.0609375
1 0.59453125 0.625 0.078125 0.121875
0 0.815625 0.66796875 0.015625 0.028125
3 0.85546875 0.68125 0.109375 0.11171875
0 0.4828125 0.70625 0.01171875 0.03046875
3 0.5296875 0.7390625 0.10546875 0.096875