2 0.446875 0.97421875 0.0796875 0.040625
4 0.4890625 0.1640625 0.0078125 0.01484375
3 0.48828125 0.1765625 0.0265625 0.04375
1 0.09921875 0.39609375 0.0375 0.05859375
4 0.09375 0.40078125 0.00859375 0.015625
4 0.10078125 0.46953125 0.00859375 0.015625
4 0.0359375 0.47109375 0.01328125 0.01875
1 0.04765625 0.47421875 0.040625 0.046875
1 0.10546875 0.47734375 0.0375 0.0640625
0 0.91015625 0.48046875 0.01171875 0.01796875
1 0.91953125 0.48046875 0.06328125 0.05
0 0.9921875 0.49375 0.015625 0.01875
1 0.9828125 0.49375 0.034375 0.06171875
1 0.9140625 0.56171875 0.03984375 0.04375
0 0.91953125 0.5671875 0.01171875 0.01953125
4 0.1 0.56796875 0.0109375 0.01640625
1 0.971875 0.56875 0.05625 0.06796875
0 0.9640625 0.57421875 0.01015625 0.01796875
1 0.11015625 0.5765625 0.03984375 0.0796875