1 0.61796875 0.12109375 0.13359375 0.0984375
0 0.5203125 0.13671875 0.01875 0.0265625
1 0.5390625 0.18828125 0.0796875 0.13984375
0 0.3734375 0.27578125 0.0171875 0.028125
0 0.49453125 0.278125 0.01484375 0.0234375
1 0.4140625 0.2859375 0.0984375 0.06640625
1 0.53359375 0.30859375 0.11640625 0.0984375
4 0.41484375 0.37109375 0.01796875 0.0265625
1 0.446875 0.371875 0.13203125 0.071875
0 0.79296875 0.4859375 0.015625 0.02578125
3 0.8171875 0.55078125 0.11953125 0.15703125
0 0.634375 0.55859375 0.01796875 0.0359375
4 0.60859375 0.5953125 0.01875 0.03515625
1 0.66796875 0.59921875 0.1046875 0.1265625
1 0.63515625 0.61328125 0.11796875 0.09609375
0 0.46953125 0.6828125 0.01484375 0.025
3 0.50546875 0.71484375 0.11796875 0.09609375
4 0.58671875 0.09140625 0.02109375 0.02578125