1 0.50234375 0.1109375 0.028125 0.06015625
1 0.046875 0.38359375 0.07265625 0.046875
4 0.0546875 0.3859375 0.0140625 0.01796875
1 0.078125 0.4640625 0.109375 0.07421875
1 0.94375 0.46640625 0.1125 0.05859375
4 0.0046875 0.4703125 0.00859375 0.0203125
1 0.01015625 0.471875 0.0203125 0.0390625
4 0.09921875 0.47265625 0.0109375 0.02109375
0 0.9234375 0.47890625 0.01953125 0.025
1 0.05703125 0.55859375 0.10078125 0.075
0 0.91796875 0.56796875 0.015625 0.01953125
1 0.9359375 0.56953125 0.09296875 0.03984375
4 0.08203125 0.57578125 0.01328125 0.0203125
1 0.99453125 0.5921875 0.01015625 0.03828125
0 0.5015625 0.0921875 0.0109375 0.02109375