3 0.7015625 0.928125 0.0875 0.14375
3 0.640625 0.1078125 0.08828125 0.21171875
1 0.36953125 0.1546875 0.1484375 0.21875
1 0.4265625 0.2 0.05703125 0.078125
0 0.409375 0.21875 0.01953125 0.034375
1 0.528125 0.240625 0.096875 0.08125
4 0.49453125 0.246875 0.02109375 0.040625
4 0.39375 0.37109375 0.01953125 0.03359375
2 0.609375 0.371875 0.05078125 0.14609375
0 0.53203125 0.434375 0.0171875 0.03515625
4 0.44609375 0.44609375 0.0171875 0.04375
2 0.3953125 0.4515625 0.07890625 0.21328125
1 0.44609375 0.48515625 0.078125 0.13515625
1 0.55234375 0.52890625 0.06171875 0.25703125
4 0.715625 0.55234375 0.0234375 0.0359375
1 0.74921875 0.6078125 0.17421875 0.175
0 0.6296875 0.06328125 0.02265625 0.03984375
0 0.53203125 0.778125 0.01796875 0.03359375
4 0.39765625 0.0796875 0.02265625 0.03359375
1 0.51015625 0.828125 0.14453125 0.2484375
0 0.69140625 0.871875 0.02421875 0.03515625