1 0.56953125 0.9578125 0.0515625 0.053125
0 0.58515625 0.96484375 0.01171875 0.0203125
4 0.49453125 0.1203125 0.01171875 0.0203125
1 0.46484375 0.12109375 0.1015625 0.06328125
0 0.534375 0.4453125 0.01171875 0.01875
1 0.51015625 0.48203125 0.08046875 0.09140625
2 0.6390625 0.4953125 0.06875 0.09296875
2 0.69921875 0.54921875 0.03671875 0.16796875
0 0.6015625 0.559375 0.01015625 0.01875
1 0.653125 0.58125 0.06875 0.0703125
1 0.5875 0.5890625 0.04140625 0.09453125
4 0.47890625 0.60859375 0.01171875 0.028125
1 0.453125 0.62578125 0.096875 0.0796875
0 0.77109375 0.6265625 0.01171875 0.01796875
4 0.47578125 0.64765625 0.0125 0.01796875
1 0.74375 0.65 0.07734375 0.09453125
1 0.459375 0.67578125 0.09375 0.15625
2 0.62578125 0.67734375 0.06015625 0.084375
0 0.61328125 0.70859375 0.00859375 0.01640625
1 0.58203125 0.71171875 0.09296875 0.103125
0 0.5515625 0.77421875 0.0140625 0.02109375
1 0.528125 0.7890625 0.09921875 0.0703125
0 0.60703125 0.86796875 0.01484375 0.02421875
1 0.57578125 0.87265625 0.11484375 0.0859375