1 0.484375 0.21953125 0.01953125 0.03828125
0 0.4859375 0.22578125 0.00546875 0.0109375
2 0.95234375 0.2484375 0.03359375 0.065625
1 0.01953125 0.284375 0.01953125 0.11015625
0 0.015625 0.3203125 0.0078125 0.01875
1 0.20625 0.39375 0.02421875 0.03515625
4 0.2078125 0.39375 0.00703125 0.01328125
4 0.16875 0.4390625 0.0078125 0.01328125
1 0.175 0.44140625 0.02265625 0.034375
4 0.2078125 0.44296875 0.0078125 0.01328125
1 0.2140625 0.4484375 0.0265625 0.03828125
0 0.80234375 0.459375 0.00859375 0.01328125
1 0.8109375 0.46015625 0.04921875 0.03515625
1 0.85703125 0.4609375 0.0265625 0.05703125
0 0.86015625 0.46484375 0.00859375 0.0109375
1 0.22109375 0.49609375 0.02734375 0.0453125
4 0.21875 0.4984375 0.0078125 0.01171875
0 0.809375 0.51171875 0.00859375 0.01171875
1 0.8109375 0.5140625 0.01953125 0.07421875
1 0.86171875 0.521875 0.059375 0.05078125
0 0.85234375 0.52578125 0.00703125 0.0109375
4 0.51796875 0.80703125 0.00859375 0.0109375
1 0.53671875 0.8109375 0.0609375 0.03125
4 0.93828125 0.85078125 0.0109375 0.025
2 0.9640625 0.86328125 0.06328125 0.05625