0 0.6421875 0.13203125 0.01484375 0.03203125
3 0.596875 0.14921875 0.15859375 0.084375
1 0.52109375 0.26171875 0.13984375 0.08671875
4 0.56640625 0.26953125 0.02109375 0.02421875
2 0.69921875 0.321875 0.09921875 0.084375
0 0.5484375 0.3765625 0.015625 0.03203125
2 0.73671875 0.40859375 0.08359375 0.11015625
1 0.496875 0.4234375 0.11875 0.13046875
4 0.57734375 0.44296875 0.01484375 0.0296875
1 0.56484375 0.44453125 0.103125 0.0734375
1 0.64921875 0.5171875 0.134375 0.09921875
4 0.49765625 0.52734375 0.0203125 0.0265625
1 0.4921875 0.53203125 0.0609375 0.078125
1 0.521875 0.57265625 0.12734375 0.1359375
4 0.55625 0.5734375 0.01875 0.0359375
1 0.409375 0.66484375 0.05390625 0.0609375
0 0.41328125 0.6765625 0.01640625 0.0265625
0 0.9 0.83125 0.01953125 0.034375
3 0.8546875 0.840625 0.1359375 0.10078125