1 0.75078125 0.39375 0.09140625 0.06953125
1 0.525 0.39921875 0.0296875 0.03671875
0 0.53125 0.4 0.01015625 0.021875
4 0.71171875 0.40859375 0.01328125 0.01875
1 0.49921875 0.475 0.09453125 0.0515625
4 0.471875 0.48515625 0.0109375 0.01875
1 0.96796875 0.4875 0.05390625 0.08828125
0 0.98203125 0.50234375 0.0125 0.02109375
1 0.96953125 0.57265625 0.05390625 0.053125
0 0.9828125 0.57578125 0.01328125 0.01875
1 0.9484375 0.6234375 0.10234375 0.0484375
0 0.9875 0.62421875 0.01171875 0.0203125
4 0.5640625 0.6625 0.00859375 0.01171875
1 0.9796875 0.66875 0.040625 0.0484375
0 0.990625 0.66875 0.01171875 0.01796875
4 0.3765625 0.67109375 0.009375 0.02109375
1 0.403125 0.6765625 0.10546875 0.03984375
2 0.5921875 0.696875 0.0671875 0.09296875
4 0.371875 0.7421875 0.01171875 0.0234375
1 0.4015625 0.74921875 0.10859375 0.04609375
1 0.6265625 0.76328125 0.10703125 0.04375
4 0.603125 0.765625 0.0109375 0.01796875
4 0.5390625 0.84296875 0.01015625 0.01953125
1 0.56484375 0.853125 0.10546875 0.08125