4 0.28203125 0.1890625 0.015625 0.04140625
1 0.23828125 0.23125 0.1625 0.1484375
1 0.31875 0.31328125 0.12421875 0.19453125
4 0.2859375 0.3484375 0.01953125 0.0359375
2 0.16171875 0.409375 0.065625 0.14453125
1 0.38828125 0.434375 0.13203125 0.1046875
4 0.0515625 0.46875 0.015625 0.0390625
0 0.4265625 0.47265625 0.02109375 0.034375
1 0.04140625 0.4765625 0.08203125 0.11328125
3 0.25703125 0.04921875 0.16640625 0.0984375
1 0.36328125 0.5296875 0.10078125 0.0984375
2 0.18046875 0.58671875 0.1125 0.08984375
4 0.22109375 0.58828125 0.01796875 0.028125
4 0.18046875 0.659375 0.01640625 0.03359375
1 0.140625 0.67421875 0.12890625 0.13671875
0 0.48203125 0.73359375 0.01640625 0.03125
0 0.31015625 0.07421875 0.01953125 0.03046875
3 0.5015625 0.78515625 0.07578125 0.15390625