1 0.80703125 0.975 0.0234375 0.05
0 0.8140625 0.9875 0.009375 0.025
4 0.5421875 0.1390625 0.01171875 0.01953125
1 0.51328125 0.14140625 0.11484375 0.05078125
1 0.615625 0.3109375 0.0828125 0.08203125
4 0.6484375 0.321875 0.01328125 0.0203125
1 0.68671875 0.3265625 0.0828125 0.14296875
4 0.70859375 0.36484375 0.01171875 0.01640625
1 0.57578125 0.36953125 0.09921875 0.08046875
0 0.5984375 0.38671875 0.0109375 0.01953125
1 0.77265625 0.40390625 0.08046875 0.11875
1 0.6546875 0.40859375 0.08671875 0.07578125
0 0.67265625 0.41328125 0.01015625 0.021875
0 0.80703125 0.42890625 0.0109375 0.01953125
1 0.62734375 0.46875 0.09140625 0.08359375
0 0.65546875 0.4796875 0.009375 0.01640625
1 0.590625 0.48984375 0.0671875 0.08515625
2 0.7140625 0.5015625 0.0984375 0.04921875
0 0.6078125 0.51171875 0.01328125 0.025
4 0.4859375 0.7859375 0.0109375 0.025
1 0.46953125 0.7984375 0.08828125 0.11640625
1 0.728125 0.8734375 0.08984375 0.04609375
0 0.74921875 0.87578125 0.01328125 0.02109375