3 0.56875 0.196875 0.16640625 0.11875
0 0.5328125 0.1984375 0.01875 0.0359375
4 0.51875 0.3046875 0.015625 0.0296875
0 0.61875 0.33203125 0.01953125 0.03984375
2 0.53515625 0.36328125 0.05078125 0.19296875
1 0.5984375 0.39921875 0.06484375 0.17890625
1 0.71484375 0.42890625 0.059375 0.15546875
0 0.71875 0.459375 0.01796875 0.03359375
1 0.434375 0.47578125 0.09609375 0.0953125
4 0.5890625 0.5140625 0.0203125 0.03671875
1 0.58671875 0.5171875 0.05703125 0.11015625
0 0.88203125 0.6234375 0.01953125 0.034375
4 0.41640625 0.63984375 0.01640625 0.03125
1 0.41015625 0.646875 0.09921875 0.13671875
1 0.66953125 0.671875 0.07265625 0.140625
3 0.8921875 0.67421875 0.0828125 0.1609375
0 0.6359375 0.8109375 0.01875 0.03359375
1 0.6578125 0.86328125 0.08125 0.22421875