3 0.434375 0.12578125 0.0671875 0.10390625
0 0.50078125 0.26171875 0.01171875 0.02890625
1 0.4984375 0.3015625 0.04296875 0.1703125
1 0.2625 0.4734375 0.03046875 0.05625
1 0.7171875 0.475 0.05546875 0.08125
4 0.715625 0.48046875 0.01484375 0.03125
0 0.26875 0.48125 0.01328125 0.021875
4 0.51796875 0.48671875 0.015625 0.0296875
0 0.31015625 0.49453125 0.01328125 0.028125
1 0.66015625 0.50546875 0.06875 0.0859375
1 0.496875 0.50625 0.06640625 0.0953125
4 0.68359375 0.51796875 0.01796875 0.02578125
1 0.32578125 0.525 0.09609375 0.1109375
4 0.278125 0.54609375 0.0171875 0.028125
1 0.2765625 0.5515625 0.04765625 0.06640625
0 0.315625 0.5578125 0.0171875 0.03046875
1 0.315625 0.5640625 0.03984375 0.09375
0 0.2875 0.66328125 0.0140625 0.02421875
3 0.29140625 0.68125 0.03984375 0.10078125
3 0.90234375 0.76875 0.0546875 0.1015625
0 0.92109375 0.775 0.01484375 0.028125
0 0.44765625 0.0890625 0.0140625 0.02578125