3 0.253125 0.0296875 0.06484375 0.059375
2 0.20078125 0.4203125 0.21015625 0.12421875
1 0.94765625 0.490625 0.1046875 0.125
4 0.9421875 0.496875 0.03203125 0.04609375
2 0.5265625 0.515625 0.16328125 0.1984375
2 0.32265625 0.54296875 0.16953125 0.15390625
0 0.009375 0.61484375 0.01796875 0.03671875
1 0.0328125 0.653125 0.06484375 0.115625
1 0.89375 0.65859375 0.21171875 0.1
4 0.81796875 0.66171875 0.021875 0.046875
1 0.68125 0.6984375 0.2359375 0.24296875
0 0.6140625 0.73046875 0.0265625 0.04453125
2 0.2296875 0.7484375 0.17421875 0.16328125
0 0.29453125 0.7875 0.01953125 0.03828125