0 0.925 0.50625 0.015625 0.02421875
1 0.9265625 0.50859375 0.0484375 0.06484375
1 0.8140625 0.5515625 0.0484375 0.103125
1 0.4375 0.58203125 0.034375 0.09453125
0 0.4296875 0.584375 0.01171875 0.02109375
4 0.828125 0.5875 0.01328125 0.0265625
1 0.65078125 0.596875 0.04765625 0.065625
4 0.6625 0.5984375 0.01328125 0.02109375
1 0.540625 0.615625 0.0609375 0.128125
1 0.590625 0.625 0.0359375 0.11875
4 0.55234375 0.640625 0.0109375 0.025
1 0.75625 0.6484375 0.0484375 0.13203125
4 0.76015625 0.66875 0.0125 0.02578125
1 0.65625 0.69375 0.0328125 0.071875
1 0.54921875 0.6984375 0.03359375 0.059375
1 0.48046875 0.70546875 0.05078125 0.090625
4 0.55625 0.70703125 0.0125 0.02421875
4 0.66640625 0.70859375 0.01015625 0.0234375
0 0.484375 0.71015625 0.01015625 0.02421875
0 0.515625 0.74375 0.0109375 0.02421875
1 0.51171875 0.7484375 0.02265625 0.1265625
0 0.56328125 0.75625 0.01171875 0.028125
1 0.5609375 0.7578125 0.05546875 0.06953125
4 0.68984375 0.7609375 0.0125 0.025
1 0.68359375 0.7609375 0.04921875 0.11640625
1 0.45390625 0.81796875 0.053125 0.109375
0 0.4640625 0.84453125 0.01484375 0.0203125