2 0.3828125 0.13203125 0.078125 0.15
2 0.3625 0.4171875 0.115625 0.08828125
0 0.3203125 0.41953125 0.01796875 0.03203125
4 0.41328125 0.50546875 0.01953125 0.034375
1 0.265625 0.54453125 0.10703125 0.11328125
3 0.09609375 0.55625 0.07109375 0.15703125
1 0.43515625 0.56640625 0.10703125 0.17578125
0 0.08828125 0.6015625 0.01796875 0.034375
0 0.6640625 0.60859375 0.01796875 0.03203125
2 0.20859375 0.63203125 0.1 0.16171875
0 0.22890625 0.64140625 0.02109375 0.03828125
1 0.32421875 0.64296875 0.06875 0.06953125
3 0.70078125 0.67109375 0.14453125 0.21328125
1 0.45078125 0.671875 0.11171875 0.1
0 0.40625 0.6859375 0.01484375 0.03046875
4 0.309375 0.74140625 0.01484375 0.0203125
1 0.35703125 0.78671875 0.10859375 0.11171875