4 0.48125 0.09375 0.0125 0.0203125
2 0.4421875 0.09609375 0.06796875 0.09140625
1 0.31171875 0.10703125 0.04453125 0.15625
4 0.5578125 0.1265625 0.0109375 0.02109375
2 0.4296875 0.13828125 0.08828125 0.13125
1 0.58671875 0.153125 0.07734375 0.084375
2 0.61015625 0.2109375 0.08671875 0.08359375
1 0.5125 0.22890625 0.0796875 0.05546875
4 0.496875 0.23515625 0.01484375 0.0203125
4 0.33828125 0.2515625 0.0125 0.021875
0 0.41015625 0.29140625 0.01171875 0.02421875
1 0.3578125 0.29375 0.07265625 0.1484375
1 0.440625 0.30078125 0.1046875 0.11875
4 0.5328125 0.303125 0.01484375 0.021875
1 0.5515625 0.321875 0.08046875 0.09296875
0 0.67890625 0.34765625 0.01484375 0.01796875
1 0.7046875 0.37890625 0.10390625 0.12421875
4 0.3109375 0.05390625 0.01328125 0.02578125
0 0.45234375 0.75546875 0.01015625 0.02890625
1 0.47109375 0.796875 0.0609375 0.125
1 0.5109375 0.084375 0.07421875 0.08125