1 0.75546875 0.9375 0.08515625 0.125
1 0.4453125 0.47265625 0.06328125 0.17109375
4 0.43359375 0.5078125 0.01171875 0.01953125
1 0.55234375 0.52421875 0.06015625 0.14609375
1 0.94765625 0.53828125 0.06484375 0.109375
0 0.93828125 0.571875 0.01171875 0.0234375
1 0.46953125 0.60078125 0.028125 0.1
4 0.46640625 0.64296875 0.0109375 0.01875
1 0.50703125 0.6703125 0.078125 0.1609375
1 0.45078125 0.67578125 0.06484375 0.16484375
1 0.55703125 0.69296875 0.05859375 0.1453125
4 0.48671875 0.73203125 0.01328125 0.02109375
4 0.45625 0.73359375 0.0171875 0.025
1 0.58046875 0.74453125 0.06015625 0.1453125
4 0.540625 0.7546875 0.00859375 0.01484375
0 0.55234375 0.82421875 0.0109375 0.01953125
1 0.540625 0.84609375 0.06171875 0.06328125
1 0.90234375 0.853125 0.04453125 0.0953125
0 0.90703125 0.88125 0.01015625 0.01875
4 0.46953125 0.8921875 0.01171875 0.01953125
1 0.4671875 0.8984375 0.06015625 0.0734375