1 0.58828125 0.96796875 0.06484375 0.0640625
0 0.58203125 0.96875 0.02578125 0.0484375
4 0.44375 0.290625 0.0234375 0.03359375
1 0.490625 0.334375 0.14296875 0.209375
0 0.2796875 0.3390625 0.01796875 0.03046875
1 0.2828125 0.4625 0.05546875 0.284375
2 0.35234375 0.48671875 0.096875 0.265625
0 0.51640625 0.48671875 0.01953125 0.03984375
1 0.5578125 0.55625 0.14453125 0.203125
4 0.503125 0.62265625 0.02421875 0.04921875
1 0.49765625 0.72578125 0.08671875 0.35
4 0.33359375 0.8125 0.01875 0.04375
3 0.440625 0.0828125 0.11640625 0.165625
1 0.315625 0.8921875 0.09296875 0.215625