4 0.5078125 0.2359375 0.01171875 0.0203125
1 0.509375 0.2390625 0.03046875 0.0453125
0 0.0859375 0.2421875 0.00859375 0.02109375
1 0.09453125 0.246875 0.02734375 0.05625
1 0.08671875 0.47421875 0.10703125 0.05
1 0.94609375 0.48203125 0.090625 0.071875
4 0.9109375 0.50078125 0.01171875 0.028125
1 0.13203125 0.53828125 0.09921875 0.06171875
4 0.84375 0.5484375 0.01171875 0.0203125
1 0.8734375 0.55 0.11484375 0.0484375
0 0.171875 0.55390625 0.01171875 0.021875
0 0.09375 0.63515625 0.0125 0.0203125
1 0.92109375 0.63671875 0.1125 0.0453125
4 0.89140625 0.6375 0.015625 0.0265625
1 0.06875 0.64140625 0.10703125 0.0703125
1 0.48984375 0.8015625 0.05546875 0.06796875
4 0.48828125 0.81640625 0.01796875 0.0234375