1 0.56640625 0.0203125 0.07109375 0.040625
0 0.25234375 0.3015625 0.01328125 0.03046875
4 0.3734375 0.30390625 0.0171875 0.03125
1 0.2953125 0.31640625 0.1015625 0.0890625
1 0.403125 0.33046875 0.1234375 0.115625
1 0.4234375 0.35703125 0.0625 0.0890625
0 0.40546875 0.36875 0.0171875 0.03125
1 0.3890625 0.39921875 0.14765625 0.05703125
4 0.3484375 0.40234375 0.01640625 0.03203125
2 0.2421875 0.4921875 0.11640625 0.21015625
2 0.3609375 0.51640625 0.0875 0.14296875
3 0.30546875 0.5671875 0.06484375 0.1859375
0 0.578125 0.590625 0.015625 0.0265625
3 0.61328125 0.6140625 0.10625 0.203125
4 0.2890625 0.6140625 0.01640625 0.01953125
1 0.2671875 0.06484375 0.13203125 0.12578125
4 0.21328125 0.06875 0.01640625 0.03125
3 0.27265625 0.71640625 0.11484375 0.0859375
0 0.22265625 0.74453125 0.01484375 0.02890625