1 0.79765625 0.97421875 0.028125 0.05078125
0 0.8015625 0.990625 0.009375 0.01875
4 0.82265625 0.5453125 0.0109375 0.01640625
1 0.809375 0.55078125 0.03984375 0.0546875
1 0.70546875 0.5578125 0.03515625 0.10625
4 0.8765625 0.56796875 0.01640625 0.02109375
1 0.85625 0.56875 0.05859375 0.065625
0 0.7171875 0.59609375 0.01015625 0.01640625
0 0.62265625 0.60625 0.01015625 0.01875
1 0.9359375 0.60859375 0.05703125 0.075
1 0.59921875 0.6140625 0.05859375 0.10078125
4 0.95625 0.61953125 0.01640625 0.0203125
1 0.7828125 0.64375 0.08515625 0.078125
0 0.67734375 0.6453125 0.01015625 0.01875
4 0.8140625 0.6453125 0.01171875 0.0203125
1 0.85625 0.65546875 0.04296875 0.04296875
1 0.6671875 0.65625 0.06015625 0.10390625
4 0.86796875 0.659375 0.01328125 0.01953125
1 0.70859375 0.68203125 0.053125 0.1140625
0 0.72265625 0.684375 0.01015625 0.02109375
1 0.79140625 0.709375 0.10859375 0.0609375
4 0.96171875 0.71171875 0.01171875 0.01796875
1 0.9453125 0.71875 0.05703125 0.0859375
0 0.81796875 0.72890625 0.0109375 0.02421875
4 0.87578125 0.75859375 0.015625 0.02578125
1 0.8546875 0.7703125 0.06640625 0.059375