0 0.678125 0.9265625 0.009375 0.0203125
4 0.8890625 0.93515625 0.0109375 0.021875
1 0.75 0.9359375 0.03359375 0.05078125
4 0.85 0.94296875 0.00859375 0.02109375
4 0.75703125 0.94375 0.01015625 0.0203125
1 0.9046875 0.94921875 0.0390625 0.0765625
1 0.67734375 0.95 0.0234375 0.078125
1 0.8453125 0.95625 0.03671875 0.05546875
1 0.05625 0.96953125 0.03984375 0.0609375
1 0.02890625 0.9796875 0.02578125 0.040625
0 0.04921875 0.984375 0.01015625 0.0203125
1 0.2390625 0.9875 0.13125 0.025
0 0.20703125 0.98984375 0.0140625 0.0203125
0 0.021875 0.99140625 0.00859375 0.01640625
4 0.4421875 0.11875 0.00859375 0.02109375
1 0.7765625 0.15703125 0.09765625 0.08515625
1 0.44140625 0.16875 0.04921875 0.165625
4 0.8109375 0.17890625 0.01171875 0.01640625
1 0.96015625 0.4140625 0.04140625 0.08046875
4 0.96484375 0.41875 0.0140625 0.025
1 0.0125 0.46796875 0.02421875 0.05703125
4 0.97578125 0.48125 0.015625 0.01796875
1 0.9734375 0.490625 0.053125 0.053125
1 0.44296875 0.53046875 0.034375 0.13828125
4 0.4453125 0.54921875 0.009375 0.02109375
1 0.0546875 0.56796875 0.07421875 0.06875
0 0.02890625 0.57109375 0.01328125 0.02109375
1 0.9640625 0.57109375 0.03984375 0.059375
4 0.97578125 0.58203125 0.0125 0.0265625
0 0.0109375 0.6203125 0.0109375 0.02578125
1 0.03984375 0.63671875 0.07890625 0.0890625
1 0.43125 0.81796875 0.04921875 0.07421875
0 0.425 0.83203125 0.0109375 0.025
0 0.53828125 0.88359375 0.01171875 0.0234375
1 0.5515625 0.89921875 0.05546875 0.11875
4 0.91484375 0.921875 0.01171875 0.01875
1 0.8796875 0.92421875 0.03671875 0.05