1 0.55390625 0.478125 0.04453125 0.10625
0 0.93984375 0.48515625 0.01328125 0.021875
1 0.93828125 0.4859375 0.04921875 0.06484375
4 0.559375 0.49453125 0.00859375 0.01640625
1 0.8359375 0.55390625 0.0421875 0.05625
4 0.85078125 0.55859375 0.0125 0.02109375
4 0.59921875 0.565625 0.0109375 0.021875
1 0.59765625 0.57109375 0.059375 0.06640625
1 0.65625 0.5859375 0.04453125 0.053125
4 0.671875 0.59140625 0.0140625 0.021875
0 0.43046875 0.59140625 0.01015625 0.01640625
1 0.43984375 0.59921875 0.0375 0.06484375
1 0.77890625 0.64375 0.0390625 0.06875
4 0.78046875 0.66015625 0.01484375 0.021875
1 0.46640625 0.68125 0.04453125 0.084375
1 0.646875 0.68359375 0.03046875 0.09296875
0 0.4671875 0.68671875 0.01015625 0.0203125
4 0.653125 0.70703125 0.0109375 0.01953125
1 0.5015625 0.7234375 0.03515625 0.1203125
4 0.68203125 0.728125 0.0109375 0.0203125
1 0.68125 0.73046875 0.04296875 0.065625
0 0.4984375 0.73125 0.01171875 0.01875
1 0.56796875 0.7390625 0.03515625 0.071875
0 0.5703125 0.75546875 0.01171875 0.01953125
1 0.59921875 0.81640625 0.05078125 0.0953125
4 0.60234375 0.81953125 0.009375 0.01875
1 0.465625 0.82109375 0.04140625 0.1046875
0 0.4703125 0.85 0.0109375 0.01640625