0 0.3390625 0.10078125 0.0109375 0.01953125
1 0.46015625 0.14375 0.08359375 0.0640625
0 0.43515625 0.15078125 0.0109375 0.01875
1 0.35 0.2375 0.05703125 0.115625
0 0.33125 0.28671875 0.01015625 0.015625
0 0.66875 0.34140625 0.01015625 0.01640625
1 0.67265625 0.034375 0.0421875 0.06875
3 0.6921875 0.36015625 0.09453125 0.0703125
1 0.74921875 0.38984375 0.0578125 0.121875
4 0.72421875 0.42265625 0.0125 0.01796875
0 0.3875 0.4265625 0.0109375 0.01640625
1 0.41953125 0.4265625 0.08984375 0.08125
4 0.66953125 0.046875 0.0125 0.015625
0 0.48359375 0.046875 0.01015625 0.01875
0 0.26171875 0.496875 0.01171875 0.01875
1 0.50078125 0.053125 0.090625 0.03125
1 0.27265625 0.52890625 0.040625 0.12578125
4 0.140625 0.609375 0.01015625 0.01640625
2 0.17109375 0.62578125 0.08671875 0.06875
4 0.44609375 0.6390625 0.0109375 0.01640625
1 0.478125 0.64453125 0.09296875 0.05
4 0.6265625 0.06875 0.00859375 0.01484375
1 0.48125 0.72109375 0.0703125 0.0640625
4 0.4515625 0.72421875 0.01171875 0.01875
1 0.6328125 0.0765625 0.03671875 0.05546875
1 0.33359375 0.0828125 0.03515625 0.075
4 0.56171875 0.83515625 0.01015625 0.01640625
3 0.59296875 0.83984375 0.06875 0.05
0 0.22421875 0.890625 0.01015625 0.0203125
3 0.25 0.89140625 0.090625 0.0359375
0 0.1640625 0.09140625 0.01015625 0.0203125
1 0.178125 0.09140625 0.04921875 0.07421875