0 0.618896484375 0.2815622161671208 0.037109375 0.15622161671207993
0 0.555908203125 0.38419618528610355 0.041015625 0.11444141689373297
0 0.589599609375 0.7861035422343324 0.06201171875 0.10717529518619437
0 0.624755859375 0.5399636693914623 0.03564453125 0.1516802906448683
0 0.64794921875 0.4019073569482289 0.01904296875 0.06721162579473206
0 0.634033203125 0.759763851044505 0.0302734375 0.0681198910081744
0 0.66650390625 0.5940054495912807 0.02197265625 0.03905540417801998
0 0.671875 0.6516802906448683 0.01953125 0.047229791099000905
0 0.666015625 0.7016348773841962 0.02001953125 0.03814713896457766
0 0.65234375 0.8764759309718437 0.03076171875 0.07901907356948229
0 0.599853515625 0.022706630336058128 0.04833984375 0.045413260672116255
0 0.56298828125 0.5862851952770209 0.025390625 0.11444141689373297
0 0.58544921875 0.4895549500454133 0.01953125 0.08900999091734786
0 0.482666015625 0.8896457765667575 0.03564453125 0.22070844686648503
0 0.330078125 0.5740236148955495 0.10791015625 0.3978201634877384
0 0.5615234375 0.9782016348773842 0.0498046875 0.043596730245231606