0 0.3825762572135202 0.2789040615853234 0.0839859851607585 0.06900719049533778
0 0.4377081615828525 0.3958329121468679 0.061314921681780654 0.07667465610593079
0 0.6538540807914263 0.3335347540607991 0.057708161582852524 0.11501198415889624
0 0.5214344600164881 0.26788591350290114 0.08140972794723833 0.0661318908913653
0 0.44723825226710634 0.22475641944331504 0.036067600989282744 0.03546202844899297
0 0.639686727122836 0.2506341158790667 0.03658285243198689 0.05654755887812394
0 0.5505482275350372 0.19025282419564618 0.021125309150865634 0.041212627656937825
0 0.5814633140972796 0.18018544184893748 0.02524732069249791 0.03642046165031714
0 0.6085119538334708 0.1912112573969703 0.0206100577081616 0.03737889485164127
0 0.7022877164056059 0.2166059034992546 0.04225061830173127 0.05750599207944817
0 0.7973536685902721 0.2851377111267356 0.03555234954657882 0.09105115412579289
0 0.234439406430338 0.3143660900343164 0.04225061830173127 0.09009272092446875
0 0.20146331409727947 0.3852901469323024 0.041220115416323144 0.06709032409268943
0 0.5464262159934048 0.3828978976617974 0.061314921681780765 0.04696322686488268
0 0.4943858202802969 0.3412022196713922 0.04791838417147565 0.0364204616503172
0 0.7131079967023908 0.5324134770683625 0.12572135201978574 0.0661318908913653
0 0.5397279472382523 0.8161097046603066 0.21382934872217652 0.20031253907674437
0 0.9060717230008245 0.24775881627509427 0.030399835119538254 0.048880093267530934
0 0.9684171475680132 0.24727576594162695 0.027308326463314048 0.07092405689798603
0 0.004637262984336356 0.3972743956816594 0.009274525968672712 0.1025523525416825
0 0.7623165704863974 0.3857731972657698 0.03349134377576268 0.09296802052844114