0 0.82265625 0.934375 0.03984375 0.05703125
0 0.83125 0.9359375 0.01015625 0.02421875
0 0.47265625 0.10078125 0.0109375 0.02109375
0 0.47734375 0.11875 0.04609375 0.0640625
0 0.003125 0.3671875 0.00546875 0.015625
0 0.01875 0.36953125 0.03671875 0.04375
0 0.0171875 0.43984375 0.034375 0.0578125
0 0.009375 0.44140625 0.0125 0.01953125
0 0.978125 0.4703125 0.04375 0.05
0 0.97109375 0.47578125 0.01171875 0.01953125
0 0.93515625 0.49296875 0.04921875 0.075
0 0.9515625 0.4953125 0.009375 0.01640625
0 0.01796875 0.50546875 0.01015625 0.015625
0 0.03046875 0.50546875 0.05234375 0.059375
0 0.96875 0.55859375 0.0453125 0.06328125
0 0.98359375 0.56171875 0.0140625 0.02421875
0 0.4625 0.78671875 0.04296875 0.0703125
0 0.4578125 0.80390625 0.0109375 0.0203125
0 0.1453125 0.88359375 0.03984375 0.05703125
0 0.13828125 0.890625 0.0140625 0.0203125
0 0.421875 0.89140625 0.01015625 0.015625
0 0.434375 0.9 0.05859375 0.0390625