0 0.41015625 0.021875 0.01015625 0.02109375
0 0.04140625 0.30859375 0.0421875 0.16796875
0 0.01640625 0.334375 0.02890625 0.1796875
0 0.02890625 0.35078125 0.01015625 0.01953125
0 0.00703125 0.384375 0.009375 0.015625
0 0.403125 0.04296875 0.03046875 0.08359375
0 0.9875 0.509375 0.025 0.0546875
0 0.00859375 0.5640625 0.0140625 0.02109375
0 0.02578125 0.5671875 0.05 0.0859375
0 0.47109375 0.88359375 0.034375 0.09921875
0 0.51484375 0.90234375 0.0328125 0.06171875
0 0.5109375 0.91796875 0.01015625 0.01796875
0 0.47265625 0.92109375 0.01015625 0.02421875