0 0.815625 0.971875 0.0109375 0.0234375
0 0.8109375 0.97421875 0.02890625 0.0515625
0 0.896875 0.2640625 0.07265625 0.04453125
0 0.915625 0.26796875 0.01328125 0.03046875
0 0.921875 0.46796875 0.07109375 0.05078125
0 0.90234375 0.47109375 0.01328125 0.01640625
0 0.9578125 0.52421875 0.084375 0.053125
0 0.98515625 0.5265625 0.0140625 0.02109375
0 0.934375 0.56171875 0.015625 0.02109375
0 0.94296875 0.5640625 0.0859375 0.07109375
0 0.7421875 0.5859375 0.1015625 0.04375
0 0.715625 0.590625 0.01171875 0.021875
0 0.98828125 0.6359375 0.0234375 0.12421875
0 0.75703125 0.6484375 0.06796875 0.0640625
0 0.7671875 0.6640625 0.0140625 0.0234375
0 0.8171875 0.775 0.04609375 0.0515625
0 0.82265625 0.784375 0.01015625 0.021875