0 0.64609375 0.1015625 0.13359375 0.0734375
0 0.42734375 0.1109375 0.0109375 0.0265625
0 0.67890625 0.02578125 0.07265625 0.0515625
0 0.56171875 0.36953125 0.13828125 0.12109375
0 0.59609375 0.40078125 0.01484375 0.03125
0 0.44140625 0.4375 0.01640625 0.0359375
0 0.4125 0.43984375 0.13203125 0.08359375
0 0.759375 0.50078125 0.0171875 0.025
0 0.71875 0.51171875 0.0953125 0.0734375
0 0.6171875 0.55078125 0.11796875 0.1296875
0 0.65234375 0.57109375 0.0125 0.0296875
0 0.5359375 0.58671875 0.11171875 0.05390625
0 0.56953125 0.5875 0.01328125 0.0234375
0 0.86015625 0.59140625 0.0171875 0.0296875
0 0.7765625 0.59609375 0.08359375 0.18046875
0 0.38671875 0.0625 0.096875 0.125
0 0.8484375 0.62421875 0.0609375 0.18515625
0 0.4625 0.71328125 0.10703125 0.07109375
0 0.50625 0.721875 0.0140625 0.03046875
0 0.8828125 0.82578125 0.0140625 0.028125
0 0.8359375 0.84453125 0.11640625 0.0796875
0 0.6890625 0.090625 0.01796875 0.02578125