0 0.60859375 0.1453125 0.09375 0.09609375
0 0.63984375 0.15625 0.0140625 0.025
0 0.5875 0.22734375 0.0015625 0.00078125
0 0.73203125 0.27578125 0.01953125 0.03359375
0 0.5234375 0.28203125 0.0796875 0.1109375
0 0.7 0.29375 0.07890625 0.15859375
0 0.6203125 0.3 0.05546875 0.09453125
0 0.615625 0.32578125 0.01640625 0.03515625
0 0.56796875 0.36484375 0.05546875 0.11484375
0 0.578125 0.446875 0.0875 0.1703125
0 0.7046875 0.49453125 0.0640625 0.18046875
0 0.6140625 0.5734375 0.05390625 0.1515625
0 0.6296875 0.61640625 0.01796875 0.03671875