0 0.10703125 0.98515625 0.02109375 0.0296875
0 0.70546875 0.10546875 0.071875 0.21015625
0 0.68984375 0.16484375 0.03125 0.06484375
0 0.678125 0.1671875 0.10078125 0.26171875
0 0.4109375 0.18125 0.12734375 0.35
0 0.47890625 0.18359375 0.05546875 0.165625
0 0.625 0.203125 0.02109375 0.0484375
0 0.58359375 0.30625 0.15703125 0.34453125
0 0.4328125 0.4328125 0.0203125 0.03984375
0 0.39921875 0.459375 0.13828125 0.17578125
0 0.68671875 0.48359375 0.02109375 0.03984375
0 0.6296875 0.53125 0.171875 0.15625
0 0.42265625 0.05546875 0.0203125 0.0453125
0 0.79765625 0.553125 0.025 0.04140625
0 0.72578125 0.59375 0.22421875 0.1765625
0 0.12734375 0.915625 0.0796875 0.16875