0 0.6171875 0.496875 0.075 0.09609375
0 0.634375 0.528125 0.01953125 0.03515625
0 0.58671875 0.6015625 0.18203125 0.13671875
0 0.6015625 0.609375 0.05078125 0.2484375
0 0.39609375 0.64453125 0.11875 0.15546875
0 0.3484375 0.6703125 0.015625 0.028125
0 0.78515625 0.75625 0.09140625 0.15703125
0 0.80078125 0.77109375 0.0171875 0.03203125
0 0.7015625 0.7765625 0.0171875 0.034375
0 0.58203125 0.784375 0.10390625 0.08515625
0 0.565625 0.78515625 0.01796875 0.0296875
0 0.66484375 0.79375 0.10234375 0.11875