0 0.3625 0.20078125 0.01328125 0.0203125
0 0.371875 0.2234375 0.03828125 0.08203125
0 0.53125 0.390625 0.0484375 0.06484375
0 0.97109375 0.38984375 0.0578125 0.0546875
0 0.5390625 0.39609375 0.0125 0.021875
0 0.90390625 0.5640625 0.07109375 0.0890625
0 0.90859375 0.56875 0.01171875 0.0203125
0 0.98828125 0.59609375 0.02265625 0.071875
0 0.97109375 0.6640625 0.01171875 0.01953125
0 0.9578125 0.66640625 0.04296875 0.05625
0 0.98203125 0.73359375 0.0359375 0.0796875
0 0.9828125 0.81875 0.01171875 0.02421875
0 0.96171875 0.82109375 0.05703125 0.05078125
0 0.89765625 0.86875 0.09921875 0.05625
0 0.9234375 0.87421875 0.01328125 0.0265625