0 0.67578125 0.18359375 0.0609375 0.221875
0 0.52421875 0.2046875 0.01328125 0.03125
0 0.71875 0.24609375 0.01953125 0.03046875
0 0.50546875 0.25078125 0.09921875 0.13203125
0 0.57578125 0.28984375 0.09140625 0.08671875
0 0.640625 0.2984375 0.05859375 0.14609375
0 0.725 0.31171875 0.06953125 0.1703125
0 0.68125 0.36875 0.01484375 0.025
0 0.44765625 0.4015625 0.09921875 0.1609375
0 0.65390625 0.4359375 0.1375 0.171875
0 0.50546875 0.48203125 0.01484375 0.0265625
0 0.20546875 0.503125 0.01953125 0.034375
0 0.5265625 0.521875 0.0984375 0.17578125
0 0.16328125 0.52578125 0.12578125 0.11796875
0 0.696875 0.6359375 0.0171875 0.03125
0 0.66796875 0.6609375 0.103125 0.121875