0 0.8921875 0.9890625 0.02734375 0.021875
0 0.3328125 0.09921875 0.0171875 0.02578125
0 0.3375 0.13125 0.0453125 0.0859375
0 0.5953125 0.44609375 0.03828125 0.0484375
0 0.59140625 0.45234375 0.0109375 0.01953125
0 0.99375 0.515625 0.01171875 0.02421875
0 0.975 0.5171875 0.05 0.0546875
0 0.9171875 0.546875 0.03046875 0.03203125
0 0.91484375 0.55546875 0.05 0.09609375
0 0.78515625 0.571875 0.01484375 0.021875
0 0.79453125 0.57421875 0.03828125 0.05546875
0 0.8484375 0.5921875 0.03046875 0.05859375
0 0.9859375 0.5984375 0.028125 0.04296875
0 0.85078125 0.59921875 0.01171875 0.02109375
0 0.98828125 0.60390625 0.01328125 0.01796875
0 0.9703125 0.66875 0.03359375 0.10078125
0 0.8625 0.684375 0.04765625 0.0546875
0 0.978125 0.6890625 0.01171875 0.021875
0 0.8765625 0.6921875 0.00859375 0.01953125
0 0.890625 0.840625 0.0234375 0.03828125
0 0.89453125 0.84609375 0.01015625 0.01875