0 0.60390625 0.196875 0.01953125 0.0390625
0 0.5609375 0.20859375 0.11875 0.115625
0 0.70703125 0.47421875 0.01796875 0.03125
0 0.74375 0.50625 0.01484375 0.0296875
0 0.66015625 0.51875 0.11171875 0.11875
0 0.47734375 0.51875 0.01796875 0.0359375
0 0.56015625 0.52421875 0.01484375 0.03359375
0 0.54609375 0.5640625 0.04453125 0.11796875
0 0.45546875 0.56875 0.11640625 0.240625
0 0.646875 0.57578125 0.01796875 0.025
0 0.73125 0.5765625 0.04609375 0.24453125
0 0.61328125 0.6171875 0.08515625 0.10625
0 0.66328125 0.690625 0.06796875 0.11015625
0 0.64296875 0.796875 0.10234375 0.09609375
0 0.4640625 0.8125 0.01796875 0.03046875
0 0.4625 0.86796875 0.0609375 0.2640625
0 0.28828125 0.8703125 0.01484375 0.02578125
0 0.93359375 0.88203125 0.01484375 0.03359375
0 0.86484375 0.90859375 0.15390625 0.18203125
0 0.271875 0.91953125 0.10234375 0.16015625