0 0.67109375 0.14453125 0.184375 0.0734375
0 0.61640625 0.14609375 0.01640625 0.0359375
0 0.65 0.37421875 0.16796875 0.09921875
0 0.51328125 0.40625 0.01484375 0.02578125
0 0.69375 0.4078125 0.01796875 0.03203125
0 0.5921875 0.43125 0.01953125 0.03046875
0 0.475 0.446875 0.10546875 0.17890625
0 0.61171875 0.47578125 0.11171875 0.16875
0 0.525 0.51328125 0.0796875 0.31953125
0 0.36015625 0.52421875 0.0171875 0.034375
0 0.34765625 0.53671875 0.04765625 0.11328125
0 0.8921875 0.62109375 0.01953125 0.034375
0 0.39140625 0.65625 0.015625 0.034375
0 0.38359375 0.6984375 0.071875 0.13828125
0 0.8953125 0.69921875 0.1015625 0.22890625
0 0.66328125 0.7265625 0.01875 0.03359375
0 0.68125 0.77578125 0.10703125 0.240625
0 0.6484375 0.8234375 0.0171875 0.03046875
0 0.6578125 0.903125 0.059375 0.19375