0 0.7109375 0.9375 0.12734375 0.125
0 0.05546875 0.9609375 0.1109375 0.075
0 0.10234375 0.96484375 0.01640625 0.03125
0 0.61328125 0.14921875 0.01484375 0.03515625
0 0.54609375 0.17421875 0.14921875 0.13515625
0 0.42265625 0.26953125 0.01796875 0.03515625
0 0.3734375 0.30625 0.1515625 0.10546875
0 0.49140625 0.4265625 0.08359375 0.059375
0 0.70390625 0.4984375 0.01484375 0.01875
0 0.55 0.51640625 0.0140625 0.028125
0 0.4515625 0.52578125 0.0140625 0.03046875
0 0.703125 0.53984375 0.07734375 0.15
0 0.40078125 0.55390625 0.11875 0.09296875
0 0.50390625 0.55546875 0.10625 0.14453125
0 0.74765625 0.58828125 0.01953125 0.03203125
0 0.70390625 0.5984375 0.12890625 0.09375
0 0.69453125 0.6015625 0.11171875 0.10625
0 0.74140625 0.634375 0.0171875 0.03125
0 0.29375 0.728125 0.01796875 0.03046875
0 0.63671875 0.74296875 0.0171875 0.03515625
0 0.2609375 0.77421875 0.16171875 0.1234375
0 0.58359375 0.778125 0.1296875 0.14296875
0 0.76484375 0.88828125 0.01875 0.02890625