0 0.2328125 0.95703125 0.03046875 0.05703125
0 0.22734375 0.96875 0.0125 0.021875
0 0.0125 0.35546875 0.01328125 0.021875
0 0.2390625 0.36875 0.01171875 0.01640625
0 0.028125 0.36953125 0.0515625 0.05390625
0 0.2109375 0.37890625 0.11953125 0.05078125
0 0.31171875 0.4 0.10078125 0.0609375
0 0.33671875 0.415625 0.0125 0.02109375
0 0.49453125 0.41640625 0.0109375 0.0203125
0 0.46953125 0.42109375 0.10546875 0.04609375
0 0.3875 0.4734375 0.07890625 0.05625
0 0.42109375 0.484375 0.0109375 0.01640625
0 0.015625 0.490625 0.03125 0.05625
0 0.46875 0.509375 0.0109375 0.0203125
0 0.4421875 0.515625 0.11328125 0.053125
0 0.35703125 0.5578125 0.10078125 0.03984375
0 0.384375 0.55859375 0.01171875 0.01796875
0 0.021875 0.56796875 0.04296875 0.05625
0 0.52265625 0.57421875 0.01015625 0.021875
0 0.49375 0.57890625 0.096875 0.05
0 0.35390625 0.721875 0.1078125 0.0609375
0 0.3828125 0.73828125 0.0109375 0.01875