0 0.2515625 0.37109375 0.06328125 0.12578125
0 0.15 0.4375 0.0953125 0.09921875
0 0.25625 0.44921875 0.04765625 0.10078125
0 0.121875 0.478125 0.01484375 0.01875
0 0.190625 0.50078125 0.06328125 0.06953125
0 0.4140625 0.5265625 0.12265625 0.11875
0 0.3828125 0.54609375 0.01171875 0.01875
0 0.203125 0.575 0.08359375 0.0890625
0 0.471875 0.61328125 0.0609375 0.084375
0 0.45703125 0.61640625 0.009375 0.02109375
0 0.33828125 0.6265625 0.06171875 0.10078125
0 0.27421875 0.63671875 0.06328125 0.09375
0 0.25 0.64296875 0.01015625 0.0234375
0 0.31484375 0.6515625 0.00625 0.01640625