0 0.81484375 0.09453125 0.08828125 0.115625
0 0.8171875 0.13671875 0.01484375 0.025
0 0.64140625 0.15390625 0.05390625 0.059375
0 0.65390625 0.16484375 0.01484375 0.02421875
0 0.70546875 0.19765625 0.05078125 0.0640625
0 0.7640625 0.21328125 0.07578125 0.184375
0 0.58984375 0.23671875 0.0328125 0.06015625
0 0.7546875 0.23984375 0.01484375 0.02578125
0 0.65625 0.34375 0.03828125 0.1015625
0 0.66015625 0.37421875 0.01171875 0.02578125
0 0.60390625 0.5375 0.01171875 0.025
0 0.94296875 0.5390625 0.11328125 0.09296875
0 0.91484375 0.54609375 0.0125 0.01953125
0 0.63828125 0.5890625 0.08046875 0.134375