0 0.31953125 0.1 0.04765625 0.08125
0 0.59296875 0.44375 0.04296875 0.04375
0 0.5921875 0.44609375 0.0109375 0.01953125
0 0.9484375 0.4859375 0.01484375 0.02109375
0 0.9609375 0.4921875 0.07734375 0.06171875
0 0.9328125 0.54375 0.0140625 0.01640625
0 0.92109375 0.5515625 0.06484375 0.06796875
0 0.753125 0.56875 0.04609375 0.11328125
0 0.76171875 0.56875 0.01640625 0.025
0 0.840625 0.59140625 0.04921875 0.0453125
0 0.82421875 0.59296875 0.0125 0.015625
0 0.95703125 0.60625 0.0859375 0.05
0 0.9453125 0.61171875 0.01640625 0.0234375
0 0.321875 0.06640625 0.01328125 0.0234375
0 0.95703125 0.68359375 0.06640625 0.1
0 0.8796875 0.684375 0.06328125 0.05703125
0 0.89375 0.69453125 0.01328125 0.0234375
0 0.953125 0.71015625 0.01328125 0.021875
0 0.84453125 0.83203125 0.01328125 0.015625
0 0.865625 0.83671875 0.1140625 0.059375