0 0.47109375 0.934375 0.00859375 0.01640625
0 0.8890625 0.2875 0.01171875 0.0234375
0 0.86875 0.30234375 0.08046875 0.07109375
0 0.80234375 0.37890625 0.0125 0.0234375
0 0.89921875 0.38046875 0.0125 0.02109375
0 0.8640625 0.38828125 0.1 0.0890625
0 0.80390625 0.390625 0.04140625 0.0640625
0 0.96015625 0.428125 0.01796875 0.0203125
0 0.81875 0.440625 0.01171875 0.02109375
0 0.96171875 0.440625 0.07578125 0.05703125
0 0.81171875 0.45078125 0.06484375 0.0453125
0 0.95625 0.48828125 0.03671875 0.065625
0 0.965625 0.49140625 0.01328125 0.0203125
0 0.85546875 0.50234375 0.03828125 0.08203125
0 0.86796875 0.50859375 0.0125 0.0203125
0 0.95546875 0.54765625 0.0375 0.05859375
0 0.965625 0.54921875 0.01484375 0.02578125
0 0.98828125 0.60078125 0.01015625 0.0203125
0 0.959375 0.6359375 0.078125 0.14296875
0 0.8 0.81796875 0.06796875 0.11953125
0 0.82421875 0.84921875 0.0109375 0.01953125
0 0.153125 0.86328125 0.04296875 0.0859375
0 0.140625 0.86796875 0.01171875 0.01875
0 0.46640625 0.92265625 0.02734375 0.04375