0 0.334375 0.0109375 0.02578125 0.02109375
0 0.5015625 0.1875 0.07734375 0.084375
0 0.31328125 0.19375 0.075 0.09453125
0 0.59296875 0.01953125 0.02734375 0.0390625
0 0.46875 0.20078125 0.01015625 0.0203125
0 0.33359375 0.20234375 0.01171875 0.0234375
0 0.603125 0.040625 0.00703125 0.015625
0 0.39140625 0.4453125 0.04921875 0.16640625
0 0.62890625 0.465625 0.06015625 0.096875
0 0.39453125 0.4828125 0.01015625 0.01953125
0 0.49140625 0.4890625 0.03828125 0.09296875
0 0.60390625 0.5015625 0.01171875 0.01640625
0 0.48203125 0.52421875 0.01015625 0.0203125
0 0.34453125 0.55546875 0.06953125 0.14453125
0 0.3609375 0.5890625 0.009375 0.01796875
0 0.44296875 0.61328125 0.01640625 0.0453125
0 0.44609375 0.61953125 0.00859375 0.01796875
0 0.5078125 0.63984375 0.0265625 0.15
0 0.4484375 0.6421875 0.03828125 0.13984375
0 0.596875 0.06796875 0.03984375 0.07109375
0 0.50546875 0.68515625 0.01171875 0.01484375
0 0.59921875 0.00703125 0.0109375 0.0140625
0 0.33515625 0.75859375 0.01171875 0.01953125
0 0.47890625 0.76953125 0.01015625 0.01640625
0 0.4890625 0.778125 0.04453125 0.06796875
0 0.3390625 0.78046875 0.05703125 0.06171875