0 0.3296875 0.02109375 0.01875 0.028125
0 0.234375 0.25078125 0.01796875 0.0296875
0 0.24921875 0.25625 0.06171875 0.0765625
0 0.06953125 0.30625 0.0171875 0.028125
0 0.11953125 0.31171875 0.01796875 0.028125
0 0.08125 0.3125 0.0484375 0.0765625
0 0.2515625 0.3171875 0.01796875 0.02890625
0 0.11953125 0.32578125 0.06328125 0.08515625
0 0.271875 0.35546875 0.08671875 0.22421875
0 0.08125 0.3765625 0.1046875 0.08515625
0 0.071875 0.38046875 0.0171875 0.03515625
0 0.12265625 0.0390625 0.0703125 0.078125
0 0.40625 0.4109375 0.01484375 0.03046875
0 0.38046875 0.4390625 0.09140625 0.13828125
0 0.66953125 0.4984375 0.01875 0.03515625
0 0.65703125 0.50390625 0.07578125 0.12421875
0 0.3171875 0.5265625 0.05546875 0.12109375
0 0.3265625 0.55859375 0.01953125 0.034375
0 0.08828125 0.64296875 0.02109375 0.0359375
0 0.12265625 0.665625 0.09375 0.15703125
0 0.3515625 0.0734375 0.09765625 0.14453125
0 0.2421875 0.77421875 0.06015625 0.11796875
0 0.22109375 0.80546875 0.0125 0.02890625