0 0.78203125 0.9359375 0.0109375 0.01953125
0 0.4375 0.13125 0.01015625 0.01875
0 0.43828125 0.14453125 0.05703125 0.04453125
0 0.0109375 0.39140625 0.02109375 0.0296875
0 0.0109375 0.4671875 0.02109375 0.04921875
0 0.921875 0.47890625 0.0109375 0.01796875
0 0.94453125 0.484375 0.08984375 0.0453125
0 0.91171875 0.51328125 0.05625 0.0796875
0 0.89453125 0.515625 0.01015625 0.015625
0 0.9421875 0.51953125 0.02734375 0.03984375
0 0.94296875 0.5234375 0.0125 0.01640625
0 0.003125 0.52578125 0.00546875 0.015625
0 0.0171875 0.528125 0.034375 0.046875
0 0.91640625 0.56875 0.02890625 0.07421875
0 0.92421875 0.571875 0.01015625 0.0203125
0 0.43125 0.7703125 0.04296875 0.06328125
0 0.4265625 0.78984375 0.01015625 0.01875
0 0.12265625 0.8625 0.01015625 0.01953125
0 0.13203125 0.87890625 0.040625 0.071875
0 0.40703125 0.88046875 0.03046875 0.0515625
0 0.4015625 0.884375 0.01015625 0.01953125
0 0.7765625 0.91796875 0.02421875 0.0609375