0 0.47578125 0.35 0.08359375 0.1203125
0 0.49453125 0.38046875 0.01015625 0.01875
0 0.596875 0.39453125 0.09609375 0.19296875
0 0.425 0.4171875 0.03359375 0.06953125
0 0.6203125 0.43046875 0.009375 0.01953125
0 0.415625 0.4328125 0.01015625 0.01796875
0 0.56484375 0.43671875 0.10078125 0.1296875
0 0.5953125 0.4640625 0.01015625 0.0203125
0 0.725 0.4734375 0.07578125 0.12109375
0 0.75390625 0.496875 0.01015625 0.02421875
0 0.65859375 0.51171875 0.06328125 0.1453125
0 0.52265625 0.559375 0.08515625 0.10703125
0 0.58515625 0.5734375 0.1 0.11953125
0 0.440625 0.58046875 0.08671875 0.16875
0 0.52109375 0.5890625 0.09609375 0.09375
0 0.6109375 0.5953125 0.0109375 0.01640625
0 0.55859375 0.59765625 0.01015625 0.02109375
0 0.55234375 0.61953125 0.00859375 0.015625
0 0.45234375 0.625 0.009375 0.01875
0 0.50546875 0.69375 0.09921875 0.096875
0 0.59921875 0.7171875 0.0734375 0.18984375
0 0.54140625 0.7234375 0.01171875 0.01953125
0 0.5828125 0.796875 0.07421875 0.06171875
0 0.60546875 0.8125 0.00859375 0.015625