0 0.73046875 0.9671875 0.02890625 0.05625
0 0.73359375 0.978125 0.009375 0.0203125
0 0.640625 0.19140625 0.06484375 0.06015625
0 0.6484375 0.2109375 0.01484375 0.0203125
0 0.625 0.2796875 0.08828125 0.10546875
0 0.6046875 0.30234375 0.01171875 0.02109375
0 0.56875 0.309375 0.03984375 0.1
0 0.56640625 0.325 0.009375 0.0203125
0 0.665625 0.3796875 0.05234375 0.14296875
0 0.62265625 0.4515625 0.04453125 0.1359375
0 0.58984375 0.46171875 0.0609375 0.14921875
0 0.72265625 0.49296875 0.06640625 0.12109375
0 0.49296875 0.50234375 0.04765625 0.11171875
0 0.81171875 0.54296875 0.04921875 0.13203125
0 0.509375 0.54375 0.00859375 0.01875
0 0.67265625 0.56953125 0.07734375 0.10390625
0 0.80234375 0.5765625 0.01328125 0.01796875
0 0.53046875 0.5859375 0.0625 0.0640625
0 0.6171875 0.60703125 0.04765625 0.10859375
0 0.5875 0.61640625 0.0390625 0.12421875
0 0.59921875 0.6625 0.0109375 0.03046875
0 0.6546875 0.684375 0.0109375 0.0234375
0 0.65234375 0.7078125 0.06796875 0.075