0 0.50859375 0.11953125 0.0078125 0.0140625
0 0.48046875 0.1234375 0.08984375 0.04140625
0 0.74140625 0.153125 0.00859375 0.01953125
0 0.715625 0.15859375 0.1015625 0.04453125
0 0.7234375 0.3671875 0.0203125 0.13203125
0 0.7296875 0.3859375 0.009375 0.01953125
0 0.6734375 0.41015625 0.01015625 0.01875
0 0.55546875 0.04296875 0.021875 0.0859375
0 0.55 0.42734375 0.01015625 0.01796875
0 0.74609375 0.43125 0.01015625 0.0140625
0 0.5328125 0.44453125 0.04921875 0.075
0 0.65625 0.45078125 0.04453125 0.0984375
0 0.73203125 0.47734375 0.0375 0.1046875
0 0.63359375 0.575 0.00859375 0.0203125
0 0.75625 0.57578125 0.009375 0.01640625
0 0.46484375 0.578125 0.009375 0.01484375
0 0.69375 0.5859375 0.00859375 0.01640625
0 0.7421875 0.6 0.0375 0.09609375
0 0.625 0.621875 0.03984375 0.1703125
0 0.68671875 0.63125 0.05234375 0.16796875
0 0.446875 0.6359375 0.04609375 0.13828125
0 0.7328125 0.72890625 0.00859375 0.01484375
0 0.71484375 0.74921875 0.0515625 0.05546875