0 0.75859375 0.98046875 0.04296875 0.0390625
0 0.6078125 0.22109375 0.01171875 0.02109375
0 0.61484375 0.22890625 0.04296875 0.06328125
0 0.753125 0.4734375 0.01484375 0.02890625
0 0.58984375 0.4890625 0.04140625 0.10625
0 0.76875 0.51484375 0.07734375 0.1484375
0 0.5609375 0.5328125 0.05 0.14375
0 0.58515625 0.55 0.01328125 0.0296875
0 0.5921875 0.5734375 0.053125 0.090625
0 0.70546875 0.59921875 0.0125 0.02421875
0 0.6328125 0.63203125 0.0125 0.0203125
0 0.7046875 0.6390625 0.04765625 0.209375
0 0.62890625 0.64453125 0.02890625 0.05
0 0.77734375 0.6609375 0.0125 0.01640625
0 0.77578125 0.68203125 0.05234375 0.11796875
0 0.60546875 0.703125 0.0125 0.01953125
0 0.63046875 0.72578125 0.10234375 0.125
0 0.5484375 0.85703125 0.01328125 0.01953125
0 0.56015625 0.87421875 0.05234375 0.1296875