0 0.678125 0.9359375 0.07421875 0.0515625
0 0.94609375 0.93828125 0.0953125 0.08828125
0 0.92109375 0.95546875 0.01328125 0.02890625
0 0.18046875 0.95859375 0.01328125 0.0203125
0 0.18203125 0.965625 0.0421875 0.06875
0 0.7234375 0.1109375 0.0109375 0.021875
0 0.72890625 0.11640625 0.03828125 0.08671875
0 0.11171875 0.0171875 0.01484375 0.03203125
0 0.5234375 0.4234375 0.04609375 0.08671875
0 0.3453125 0.46328125 0.0609375 0.10546875
0 0.4328125 0.4984375 0.01328125 0.028125
0 0.5171875 0.50625 0.05390625 0.0703125
0 0.415625 0.52421875 0.03515625 0.0984375
0 0.45546875 0.5390625 0.06796875 0.1234375
0 0.45546875 0.5921875 0.0671875 0.0546875
0 0.43203125 0.60078125 0.01171875 0.0296875
0 0.46484375 0.61796875 0.01640625 0.021875
0 0.48359375 0.621875 0.08203125 0.04609375
0 0.575 0.71796875 0.07734375 0.0859375
0 0.56796875 0.72578125 0.0125 0.034375