0 0.62890625 0.10625 0.01640625 0.06015625
0 0.60859375 0.10859375 0.02890625 0.06328125
0 0.21953125 0.15546875 0.0765625 0.0890625
0 0.2390625 0.16796875 0.0125 0.01875
0 0.5046875 0.24609375 0.06953125 0.08359375
0 0.49375 0.27578125 0.01015625 0.02109375
0 0.31640625 0.3875 0.01171875 0.01796875
0 0.37265625 0.0390625 0.00703125 0.01171875
0 0.284375 0.39375 0.08046875 0.06953125
0 0.23984375 0.4328125 0.00859375 0.01796875
0 0.209375 0.43515625 0.07578125 0.0484375
0 0.36875 0.44375 0.00859375 0.01484375
0 0.68046875 0.4515625 0.05625 0.03125
0 0.37421875 0.04609375 0.021875 0.025
0 0.34375 0.45703125 0.090625 0.040625
0 0.57890625 0.48984375 0.00703125 0.01484375
0 0.6 0.48984375 0.05859375 0.04296875
0 0.6953125 0.49140625 0.00859375 0.01640625
0 0.80703125 0.49296875 0.01015625 0.01796875
0 0.72265625 0.49609375 0.08984375 0.046875
0 0.83046875 0.496875 0.10078125 0.05
0 0.3359375 0.53828125 0.01015625 0.01796875
0 0.309375 0.55078125 0.0875 0.06015625
0 0.3484375 0.05625 0.00703125 0.01328125
0 0.35390625 0.059375 0.02265625 0.03046875
0 0.4984375 0.8328125 0.00859375 0.015625
0 0.49921875 0.84375 0.025 0.03984375
0 0.61171875 0.08671875 0.00625 0.0140625
0 0.35625 0.8625 0.009375 0.01796875
0 0.36171875 0.875 0.03984375 0.06328125
0 0.6328125 0.0890625 0.00859375 0.01171875