0 0.48515625 0.93046875 0.04921875 0.05625
0 0.48984375 0.93984375 0.00859375 0.0203125
0 0.596875 0.55703125 0.11171875 0.05390625
0 0.6828125 0.559375 0.07734375 0.1484375
0 0.575 0.559375 0.01328125 0.0234375
0 0.48203125 0.58203125 0.0734375 0.14609375
0 0.65859375 0.596875 0.01171875 0.02109375
0 0.53359375 0.6234375 0.01484375 0.021875
0 0.553125 0.63359375 0.11015625 0.0609375
0 0.68046875 0.63984375 0.0875 0.1484375
0 0.65625 0.67578125 0.0125 0.0203125
0 0.57734375 0.68359375 0.04921875 0.0734375
0 0.5015625 0.6984375 0.07421875 0.08359375
0 0.47421875 0.70703125 0.01015625 0.01875
0 0.57109375 0.7078125 0.0140625 0.0234375
0 0.5796875 0.7609375 0.07109375 0.08125
0 0.55234375 0.78203125 0.0140625 0.0234375