0 0.9484375 0.20390625 0.04609375 0.05625
0 0.953125 0.21875 0.01171875 0.01796875
0 0.890625 0.2421875 0.0109375 0.01796875
0 0.8796875 0.2453125 0.03671875 0.06875
0 0.9578125 0.3109375 0.0453125 0.15703125
0 0.928125 0.31171875 0.01015625 0.01796875
0 0.91796875 0.32421875 0.03359375 0.06015625
0 0.7109375 0.034375 0.01171875 0.0203125
0 0.82734375 0.3578125 0.078125 0.09140625
0 0.85625 0.3609375 0.01015625 0.01875
0 0.68828125 0.03984375 0.059375 0.0796875
0 0.93515625 0.40390625 0.00859375 0.021875
0 0.9203125 0.41796875 0.0390625 0.0703125
0 0.95703125 0.4609375 0.01171875 0.02109375
0 0.95078125 0.46640625 0.05625 0.084375
0 0.91484375 0.58515625 0.01484375 0.021875
0 0.88046875 0.63125 0.08046875 0.11328125
0 0.875 0.8875 0.0953125 0.07890625
0 0.91484375 0.90546875 0.01484375 0.0265625