0 0.72421875 0.18359375 0.0203125 0.034375
0 0.7234375 0.19375 0.09140625 0.12578125
0 0.62578125 0.26484375 0.11015625 0.11640625
0 0.6625 0.28671875 0.01796875 0.0296875
0 0.73203125 0.40078125 0.103125 0.0796875
0 0.86796875 0.453125 0.02109375 0.02421875
0 0.70234375 0.47578125 0.10390625 0.0859375
0 0.7390625 0.4828125 0.01640625 0.03046875
0 0.5828125 0.496875 0.02265625 0.0359375
0 0.83046875 0.515625 0.09140625 0.15625
0 0.57265625 0.55078125 0.08515625 0.1953125
0 0.640625 0.55703125 0.0171875 0.03203125
0 0.6515625 0.58984375 0.0171875 0.0296875
0 0.6765625 0.60703125 0.0890625 0.14140625
0 0.65234375 0.628125 0.05703125 0.1234375
0 0.571875 0.71640625 0.01171875 0.025
0 0.615625 0.7765625 0.1015625 0.14609375
0 0.96328125 0.88125 0.0578125 0.215625