0 0.63046875 0.159375 0.08984375 0.1046875
0 0.69609375 0.17578125 0.06953125 0.13984375
0 0.659375 0.19296875 0.01171875 0.0203125
0 0.725 0.20546875 0.0140625 0.02578125
0 0.57265625 0.39140625 0.08046875 0.05859375
0 0.48203125 0.4609375 0.08984375 0.0546875
0 0.5140625 0.46796875 0.0109375 0.0203125
0 0.6203125 0.47421875 0.06328125 0.06015625
0 0.6875 0.50546875 0.07578125 0.0765625
0 0.58828125 0.53671875 0.0109375 0.0234375
0 0.7234375 0.540625 0.05234375 0.0515625
0 0.73828125 0.5515625 0.00859375 0.02109375
0 0.5578125 0.5546875 0.06796875 0.08671875
0 0.675 0.56875 0.03671875 0.125
0 0.6265625 0.59375 0.0078125 0.01875
0 0.6015625 0.61015625 0.06640625 0.06875
0 0.7625 0.634375 0.01171875 0.02421875
0 0.746875 0.64765625 0.07734375 0.10859375
0 0.41796875 0.65546875 0.07734375 0.05078125
0 0.45078125 0.65703125 0.01015625 0.02109375