0 0.59296875 0.3078125 0.01640625 0.03046875
0 0.46171875 0.3484375 0.0140625 0.0265625
0 0.5609375 0.37734375 0.0859375 0.175
0 0.5859375 0.4296875 0.0515625 0.15703125
0 0.75859375 0.4296875 0.01796875 0.0390625
0 0.4703125 0.43125 0.04296875 0.19609375
0 0.5 0.44296875 0.03828125 0.1859375
0 0.7484375 0.496875 0.04453125 0.30546875
0 0.65390625 0.51328125 0.01328125 0.03125
0 0.59453125 0.5359375 0.0125 0.0265625
0 0.640625 0.5796875 0.05234375 0.3
0 0.47578125 0.60078125 0.01640625 0.03203125
0 0.2671875 0.60859375 0.01796875 0.03125
0 0.5625 0.621875 0.078125 0.209375
0 0.87109375 0.62890625 0.02109375 0.03359375
0 0.50390625 0.671875 0.08671875 0.296875
0 0.271875 0.684375 0.04296875 0.26875
0 0.8640625 0.70703125 0.11796875 0.284375