0 0.2703125 0.278125 0.06953125 0.12890625
0 0.28203125 0.31640625 0.01875 0.0203125
0 0.3765625 0.42578125 0.10390625 0.15703125
0 0.40078125 0.45703125 0.01171875 0.02421875
0 0.35078125 0.4765625 0.05703125 0.13046875
0 0.371875 0.52578125 0.0125 0.02109375
0 0.2375 0.56328125 0.09765625 0.11015625
0 0.321875 0.58203125 0.07109375 0.140625
0 0.26796875 0.603125 0.015625 0.02890625
0 0.3234375 0.6140625 0.015625 0.03046875
0 0.496875 0.621875 0.07109375 0.16796875
0 0.51328125 0.68125 0.0125 0.02421875
0 0.4421875 0.68203125 0.14140625 0.11171875
0 0.4515625 0.71328125 0.12421875 0.06953125
0 0.38359375 0.79609375 0.03359375 0.08203125
0 0.39140625 0.8078125 0.0171875 0.025
0 0.6171875 0.88671875 0.01015625 0.02109375
0 0.59375 0.89453125 0.06328125 0.0953125