0 0.3015625 0.09296875 0.0890625 0.1703125
0 0.13359375 0.0984375 0.021875 0.03203125
0 0.1421875 0.13828125 0.06640625 0.11640625
0 0.24609375 0.18984375 0.03984375 0.11484375
0 0.2328125 0.22421875 0.01796875 0.03671875
0 0.26328125 0.30546875 0.09375 0.22578125
0 0.3859375 0.32265625 0.0203125 0.03984375
0 0.37578125 0.38671875 0.09921875 0.19375
0 0.12890625 0.47890625 0.01953125 0.034375
0 0.13984375 0.540625 0.053125 0.16328125
0 0.27734375 0.5453125 0.02265625 0.040625
0 0.26484375 0.6015625 0.10390625 0.23359375
0 0.8015625 0.6515625 0.0171875 0.0359375
0 0.796875 0.74140625 0.07734375 0.26015625
0 0.303125 0.8015625 0.0953125 0.246875
0 0.2796875 0.08203125 0.01796875 0.040625
0 0.18125 0.08515625 0.0703125 0.1703125
0 0.25703125 0.8921875 0.015625 0.0359375
0 0.24609375 0.9203125 0.071875 0.159375