0 0.58984375 0.95625 0.0125 0.02890625
0 0.91953125 0.50234375 0.040625 0.0546875
0 0.921875 0.50859375 0.01484375 0.02578125
0 0.60078125 0.55703125 0.04375 0.09140625
0 0.59453125 0.5703125 0.01484375 0.02578125
0 0.87578125 0.5828125 0.01328125 0.03203125
0 0.8625 0.5921875 0.05390625 0.09921875
0 0.709375 0.59765625 0.015625 0.03046875
0 0.68828125 0.603125 0.06328125 0.08046875
0 0.55625 0.609375 0.04140625 0.06640625
0 0.56875 0.61328125 0.00859375 0.01796875
0 0.81796875 0.62578125 0.01328125 0.03125
0 0.8015625 0.62890625 0.04765625 0.1296875
0 0.54296875 0.64921875 0.0140625 0.0234375
0 0.43125 0.66171875 0.08203125 0.0796875
0 0.45546875 0.6625 0.00625 0.0140625
0 0.7015625 0.665625 0.03515625 0.07421875
0 0.52109375 0.6671875 0.0859375 0.125
0 0.6375 0.6671875 0.06015625 0.075
0 0.6578125 0.671875 0.01328125 0.02890625
0 0.74765625 0.67734375 0.01328125 0.034375
0 0.74140625 0.68046875 0.0375 0.08984375
0 0.7046875 0.6875 0.0125 0.0265625
0 0.6578125 0.71328125 0.015625 0.0265625
0 0.646875 0.72265625 0.08984375 0.08984375
0 0.56015625 0.80234375 0.01328125 0.034375
0 0.54921875 0.80859375 0.06328125 0.096875
0 0.56953125 0.9140625 0.05234375 0.115625