0 0.9296875 0.5109375 0.01328125 0.0265625
0 0.9234375 0.51171875 0.04921875 0.07890625
0 0.5375 0.6171875 0.01171875 0.025
0 0.53671875 0.62265625 0.03203125 0.08046875
0 0.84453125 0.62421875 0.04296875 0.07578125
0 0.8546875 0.628125 0.01328125 0.02578125
0 0.67109375 0.628125 0.01015625 0.0234375
0 0.6625 0.62890625 0.03671875 0.0609375
0 0.7828125 0.64453125 0.06796875 0.13828125
0 0.42421875 0.665625 0.01328125 0.0234375
0 0.40703125 0.66640625 0.08125 0.10859375
0 0.76171875 0.68046875 0.0125 0.02578125
0 0.55390625 0.684375 0.04140625 0.06171875
0 0.65625 0.68828125 0.03515625 0.065625
0 0.55703125 0.6984375 0.01328125 0.0296875
0 0.47890625 0.6984375 0.04453125 0.0765625
0 0.6640625 0.703125 0.01328125 0.0234375
0 0.475 0.709375 0.01640625 0.015625
0 0.7359375 0.7109375 0.01484375 0.0265625
0 0.609375 0.71171875 0.01484375 0.028125
0 0.73125 0.7140625 0.03671875 0.0890625
0 0.6109375 0.740625 0.03359375 0.096875
0 0.56875 0.74296875 0.0390625 0.06875
0 0.5703125 0.75703125 0.0140625 0.03359375
0 0.525 0.759375 0.03828125 0.084375
0 0.52734375 0.7734375 0.01015625 0.0234375
0 0.4921875 0.91171875 0.0890625 0.06875
0 0.52578125 0.9234375 0.01171875 0.02421875