0 0.17734375 0.96484375 0.0640625 0.0703125
0 0.81171875 0.31171875 0.175 0.25703125
0 0.49921875 0.33828125 0.09609375 0.2734375
0 0.77734375 0.38671875 0.03515625 0.0484375
0 0.40546875 0.4609375 0.03203125 0.05390625
0 0.48671875 0.47578125 0.02734375 0.04296875
0 0.45234375 0.48359375 0.021875 0.04609375
0 0.33984375 0.484375 0.165625 0.13046875
0 0.44765625 0.53203125 0.1140625 0.24296875
0 0.5328125 0.53828125 0.0234375 0.03984375
0 0.53828125 0.59140625 0.08515625 0.1890625
0 0.6890625 0.68046875 0.025 0.04453125
0 0.51171875 0.71796875 0.02578125 0.04375
0 0.4921875 0.72421875 0.15546875 0.15703125
0 0.6515625 0.809375 0.14140625 0.38046875