0 0.19765625 0.27890625 0.084375 0.159375
0 0.26328125 0.4109375 0.11484375 0.09921875
0 0.35703125 0.04453125 0.08515625 0.0890625
0 0.13046875 0.47890625 0.07578125 0.19140625
0 0.66015625 0.4890625 0.1 0.165625
0 0.36171875 0.4890625 0.0171875 0.03046875
0 0.39765625 0.490625 0.15546875 0.06875
0 0.340625 0.053125 0.01640625 0.03671875
0 0.61953125 0.53203125 0.01484375 0.028125
0 0.2125 0.56171875 0.09765625 0.13984375
0 0.36484375 0.58515625 0.10703125 0.12578125
0 0.31875 0.5859375 0.01640625 0.028125
0 0.11796875 0.6078125 0.065625 0.16015625
0 0.33671875 0.6578125 0.06171875 0.225
0 0.2703125 0.8828125 0.01484375 0.0359375
0 0.3234375 0.903125 0.14921875 0.1203125