0 0.09609375 0.96328125 0.04921875 0.0734375
0 0.50625 0.1171875 0.07890625 0.234375
0 0.52578125 0.1625 0.01640625 0.03984375
0 0.896875 0.17109375 0.19765625 0.2546875
0 0.86328125 0.215625 0.03125 0.0546875
0 0.5359375 0.32890625 0.01953125 0.040625
0 0.6078125 0.34140625 0.1984375 0.06796875
0 0.23359375 0.34140625 0.16875 0.20625
0 0.2921875 0.36171875 0.02265625 0.0359375
0 0.44453125 0.440625 0.09375 0.17578125
0 0.475 0.48125 0.0265625 0.0515625
0 0.521875 0.4890625 0.0609375 0.21328125
0 0.5203125 0.515625 0.02109375 0.040625
0 0.446875 0.5765625 0.1046875 0.1640625
0 0.47421875 0.615625 0.02890625 0.053125
0 0.67421875 0.85 0.02578125 0.04609375
0 0.63515625 0.8890625 0.15 0.221875