0 0.61015625 0.18984375 0.01484375 0.02578125
0 0.68984375 0.23046875 0.01015625 0.02109375
0 0.49609375 0.246875 0.01953125 0.0234375
0 0.62109375 0.24921875 0.09765625 0.17421875
0 0.70078125 0.28984375 0.07734375 0.221875
0 0.5078125 0.30234375 0.053125 0.17109375
0 0.54921875 0.32578125 0.04453125 0.18828125
0 0.54375 0.36875 0.00859375 0.0265625
0 0.65234375 0.37421875 0.0125 0.021875
0 0.5421875 0.38046875 0.03203125 0.071875
0 0.621875 0.390625 0.01171875 0.025
0 0.65078125 0.415625 0.02890625 0.18515625
0 0.64140625 0.4359375 0.05078125 0.1859375
0 0.5140625 0.47265625 0.01171875 0.0265625
0 0.79375 0.47421875 0.01484375 0.02421875
0 0.40390625 0.496875 0.01171875 0.0234375
0 0.53671875 0.53671875 0.0875 0.1953125
0 0.79609375 0.54140625 0.04375 0.209375
0 0.39375 0.57421875 0.0390625 0.18359375