0 0.40546875 0.93828125 0.04296875 0.11484375
0 0.4265625 0.11640625 0.03046875 0.0546875
0 0.4296875 0.128125 0.01171875 0.021875
0 0.371875 0.465625 0.07421875 0.1265625
0 0.49921875 0.48828125 0.059375 0.13203125
0 0.39140625 0.49453125 0.0109375 0.015625
0 0.4875 0.5203125 0.009375 0.0203125
0 0.3390625 0.54921875 0.053125 0.13359375
0 0.43984375 0.55 0.03125 0.09453125
0 0.540625 0.56328125 0.0578125 0.11875
0 0.4453125 0.5828125 0.01015625 0.02890625
0 0.45859375 0.615625 0.0296875 0.1296875
0 0.43671875 0.64765625 0.0375 0.1140625
0 0.45703125 0.65546875 0.0125 0.02109375
0 0.44609375 0.68671875 0.009375 0.02421875
0 0.44140625 0.78671875 0.01171875 0.02109375
0 0.42265625 0.82421875 0.04921875 0.1046875
0 0.1234375 0.8890625 0.0078125 0.02109375
0 0.7125 0.8984375 0.04453125 0.0953125
0 0.13828125 0.9046875 0.053125 0.08515625
0 0.71484375 0.9234375 0.01015625 0.0203125