0 0.78828125 0.93203125 0.02421875 0.04609375
0 0.79453125 0.94609375 0.01015625 0.01953125
0 0.43984375 0.134375 0.01015625 0.01796875
0 0.4421875 0.14453125 0.02265625 0.05390625
0 0.009375 0.38671875 0.01875 0.03828125
0 0.0125 0.46328125 0.02421875 0.03515625
0 0.93671875 0.47734375 0.01171875 0.015625
0 0.95703125 0.48125 0.0859375 0.04375
0 0.92109375 0.50546875 0.05234375 0.11015625
0 0.90625 0.5078125 0.01328125 0.01796875
0 0.95625 0.5140625 0.02890625 0.04296875
0 0.96328125 0.51484375 0.0109375 0.01640625
0 0.01796875 0.53046875 0.0359375 0.0484375
0 0.9234375 0.56640625 0.040625 0.05078125
0 0.9359375 0.56640625 0.01171875 0.02109375
0 0.4171875 0.78828125 0.028125 0.0640625
0 0.4171875 0.79765625 0.01171875 0.02109375
0 0.409375 0.88125 0.02890625 0.05703125
0 0.403125 0.88203125 0.00859375 0.01875
0 0.13125 0.88984375 0.03671875 0.0484375