0 0.72734375 0.3890625 0.01796875 0.02890625
0 0.69140625 0.42109375 0.1578125 0.134375
0 0.6015625 0.440625 0.0171875 0.028125
0 0.67421875 0.4734375 0.11484375 0.11171875
0 0.575 0.48671875 0.11015625 0.2265625
0 0.83046875 0.54375 0.02109375 0.0359375
0 0.5640625 0.590625 0.07890625 0.13515625
0 0.51796875 0.6046875 0.01796875 0.03515625
0 0.59609375 0.60859375 0.01484375 0.03671875
0 0.7875 0.61171875 0.1171875 0.171875
0 0.50546875 0.63046875 0.08046875 0.18125
0 0.3 0.640625 0.05390625 0.096875
0 0.309375 0.65625 0.015625 0.02578125
0 0.953125 0.67421875 0.01953125 0.03203125
0 0.61640625 0.6921875 0.01953125 0.0359375
0 0.8953125 0.70546875 0.19296875 0.12421875
0 0.578125 0.71875 0.13828125 0.10859375
0 0.6984375 0.7203125 0.15390625 0.178125