0 0.41953125 0.9265625 0.02265625 0.05078125
0 0.41875 0.94453125 0.0109375 0.01796875
0 0.6671875 0.096875 0.05390625 0.11328125
0 0.578125 0.10234375 0.034375 0.15859375
0 0.64140625 0.10703125 0.04453125 0.11015625
0 0.7171875 0.10703125 0.05390625 0.1
0 0.55 0.1203125 0.0296875 0.08125
0 0.55078125 0.12578125 0.01171875 0.01953125
0 0.44375 0.21796875 0.01171875 0.01953125
0 0.77265625 0.24765625 0.01484375 0.01796875
0 0.42265625 0.25546875 0.08515625 0.1390625
0 0.7828125 0.2609375 0.06796875 0.06953125
0 0.6546875 0.2640625 0.04765625 0.07890625
0 0.6359375 0.31875 0.01015625 0.01796875
0 0.64921875 0.3484375 0.0578125 0.08046875
0 0.59765625 0.053125 0.0390625 0.03984375
0 0.50234375 0.05546875 0.01015625 0.021875
0 0.57734375 0.0640625 0.01484375 0.021875
0 0.5375 0.69453125 0.0109375 0.0203125
0 0.52109375 0.74453125 0.06796875 0.17421875
0 0.48203125 0.07578125 0.05078125 0.09609375