0 0.45625 0.96171875 0.0515625 0.06171875
0 0.44453125 0.96640625 0.01328125 0.0265625
0 0.4921875 0.13359375 0.04765625 0.10625
0 0.50078125 0.17109375 0.009375 0.02421875
0 0.3109375 0.4078125 0.08515625 0.04921875
0 0.6984375 0.40859375 0.078125 0.07578125
0 0.3421875 0.4109375 0.01171875 0.01875
0 0.6734375 0.415625 0.00859375 0.01796875
0 0.5703125 0.4171875 0.01171875 0.01796875
0 0.59375 0.425 0.0921875 0.10546875
0 0.4734375 0.45078125 0.0671875 0.075
0 0.2421875 0.45546875 0.10078125 0.0765625
0 0.49296875 0.459375 0.01015625 0.01484375
0 0.26953125 0.46484375 0.00859375 0.0203125
0 0.746875 0.49765625 0.1171875 0.05625
0 0.53515625 0.50546875 0.01015625 0.01953125
0 0.7234375 0.509375 0.01328125 0.01796875
0 0.4890625 0.51328125 0.0109375 0.01640625
0 0.4609375 0.51328125 0.0921875 0.03984375
0 0.56015625 0.51953125 0.09296875 0.09375
0 0.303125 0.55546875 0.08046875 0.04296875
0 0.75859375 0.57109375 0.09453125 0.071875
0 0.58203125 0.58671875 0.096875 0.0453125
0 0.73203125 0.5890625 0.01484375 0.02109375
0 0.55390625 0.59453125 0.01015625 0.01875
0 0.40625 0.60078125 0.08984375 0.046875
0 0.42890625 0.6046875 0.0109375 0.01875
0 0.49765625 0.8015625 0.01015625 0.01953125
0 0.4859375 0.8046875 0.065625 0.071875