0 0.34140625 0.94296875 0.134375 0.1140625
0 0.115625 0.01171875 0.08125 0.0234375
0 0.64765625 0.23671875 0.015625 0.0296875
0 0.58671875 0.240625 0.15703125 0.09921875
0 0.4921875 0.415625 0.01640625 0.03125
0 0.4453125 0.44765625 0.14921875 0.11953125
0 0.6734375 0.5875 0.14296875 0.0546875
0 0.73046875 0.5921875 0.01328125 0.02890625
0 0.4625 0.60546875 0.01796875 0.03046875
0 0.7234375 0.62421875 0.021875 0.02890625
0 0.409375 0.63125 0.125 0.16328125
0 0.6828125 0.6359375 0.17109375 0.05078125
0 0.5734375 0.69453125 0.0234375 0.0453125
0 0.471875 0.70078125 0.01796875 0.034375
0 0.540625 0.73671875 0.12578125 0.153125
0 0.4359375 0.74609375 0.15234375 0.1453125
0 0.71796875 0.78359375 0.01796875 0.03671875
0 0.69375 0.8046875 0.12734375 0.08671875
0 0.68125 0.89765625 0.01796875 0.0359375
0 0.6421875 0.90859375 0.13515625 0.11015625
0 0.34921875 0.91328125 0.02265625 0.0390625