0 0.5125 0.9796875 0.07109375 0.040625
0 0.48203125 0.990625 0.0109375 0.01875
0 0.43828125 0.13671875 0.0125 0.03359375
0 0.58203125 0.178125 0.078125 0.08671875
0 0.46953125 0.18046875 0.07734375 0.12421875
0 0.325 0.1828125 0.01328125 0.01953125
0 0.56953125 0.18671875 0.01328125 0.0234375
0 0.32734375 0.1921875 0.03046875 0.06796875
0 0.51171875 0.025 0.01171875 0.02421875
0 0.31875 0.28984375 0.01171875 0.0203125
0 0.5921875 0.29921875 0.0828125 0.05703125
0 0.57578125 0.30078125 0.00859375 0.01796875
0 0.3265625 0.30390625 0.03671875 0.071875
0 0.359375 0.3078125 0.01328125 0.01953125
0 0.33984375 0.353125 0.07421875 0.1734375
0 0.459375 0.37109375 0.00859375 0.0234375
0 0.46171875 0.3953125 0.06015625 0.109375
0 0.546875 0.04140625 0.01484375 0.03046875
0 0.51171875 0.04375 0.03515625 0.08671875
0 0.546875 0.046875 0.03125 0.06796875
0 0.47578125 0.046875 0.01171875 0.03046875
0 0.4375 0.05859375 0.059375 0.0734375
0 0.43203125 0.690625 0.0125 0.0234375
0 0.4375 0.74765625 0.06171875 0.134375
0 0.4171875 0.08515625 0.01328125 0.01640625
0 0.47734375 0.08828125 0.0546875 0.1734375