0 0.79609375 0.9796875 0.0546875 0.040625
0 0.7921875 0.99296875 0.009375 0.0140625
0 0.4828125 0.31328125 0.06640625 0.0796875
0 0.49140625 0.3203125 0.01328125 0.0203125
0 0.1234375 0.50859375 0.1 0.06953125
0 0.1484375 0.509375 0.01328125 0.021875
0 0.92890625 0.5234375 0.01015625 0.02109375
0 0.95234375 0.5234375 0.0953125 0.046875
0 0.890625 0.56953125 0.10546875 0.059375
0 0.06953125 0.603125 0.01796875 0.01953125
0 0.04921875 0.60390625 0.0984375 0.0640625
0 0.23671875 0.61171875 0.11328125 0.0609375
0 0.265625 0.61328125 0.01796875 0.02109375
0 0.1078125 0.634375 0.11640625 0.06015625
0 0.13203125 0.63828125 0.02578125 0.01953125
0 0.86953125 0.6484375 0.01328125 0.015625
0 0.89375 0.653125 0.10703125 0.0453125
0 0.47578125 0.84296875 0.0234375 0.071875
0 0.4765625 0.8640625 0.01171875 0.01953125