0 0.921875 0.95859375 0.10703125 0.053125
0 0.89609375 0.959375 0.01015625 0.01640625
0 0.83515625 0.29375 0.01640625 0.0203125
0 0.7984375 0.3 0.08828125 0.0609375
0 0.034375 0.3796875 0.06875 0.08125
0 0.02734375 0.39140625 0.0140625 0.025
0 0.8328125 0.42109375 0.10390625 0.05
0 0.86484375 0.43359375 0.0125 0.01875
0 0.93984375 0.43515625 0.0796875 0.0890625
0 0.96484375 0.4515625 0.015625 0.02109375
0 0.02890625 0.453125 0.01171875 0.02109375
0 0.04921875 0.4609375 0.06015625 0.06875
0 0.021875 0.4828125 0.04375 0.065625
0 0.00546875 0.49140625 0.0109375 0.02109375
0 0.490625 0.50234375 0.0328125 0.05625
0 0.4953125 0.50390625 0.0109375 0.01953125
0 0.8765625 0.5453125 0.1140625 0.04609375
0 0.9078125 0.546875 0.01015625 0.01953125