0 0.72890625 0.9359375 0.18125 0.09453125
0 0.05703125 0.9375 0.1140625 0.109375
0 0.08046875 0.97109375 0.01796875 0.034375
0 0.46796875 0.14765625 0.17890625 0.1265625
0 0.52421875 0.16953125 0.01640625 0.03125
0 0.43828125 0.41875 0.021875 0.03125
0 0.39375 0.43671875 0.17734375 0.09453125
0 0.35390625 0.51640625 0.01953125 0.028125
0 0.315625 0.55 0.14609375 0.1
0 0.6890625 0.56953125 0.01953125 0.02578125
0 0.4703125 0.58984375 0.01875 0.03125
0 0.42578125 0.6 0.159375 0.09453125
0 0.6484375 0.62109375 0.1390625 0.14453125
0 0.6796875 0.621875 0.015625 0.0234375
0 0.63671875 0.6625 0.1140625 0.10625
0 0.3171875 0.696875 0.01640625 0.028125
0 0.2765625 0.72265625 0.14609375 0.1265625
0 0.328125 0.7890625 0.0171875 0.03046875
0 0.29140625 0.803125 0.1625 0.10859375
0 0.34296875 0.87109375 0.021875 0.03828125
0 0.315625 0.8859375 0.15390625 0.1015625
0 0.234375 0.88671875 0.01796875 0.028125
0 0.18984375 0.90859375 0.13828125 0.146875
0 0.77890625 0.91015625 0.01953125 0.03359375