0 0.58359375 0.1359375 0.01796875 0.03359375
0 0.47109375 0.15390625 0.01171875 0.0234375
0 0.43359375 0.16328125 0.09140625 0.06796875
0 0.6078125 0.18359375 0.06640625 0.1296875
0 0.73671875 0.20625 0.01328125 0.021875
0 0.5640625 0.21171875 0.01640625 0.025
0 0.54921875 0.2265625 0.08125 0.140625
0 0.2125 0.2390625 0.0109375 0.0234375
0 0.77421875 0.25625 0.13046875 0.1265625
0 0.184375 0.25859375 0.13203125 0.07421875
0 0.56953125 0.26875 0.06328125 0.14453125
0 0.371875 0.3 0.01015625 0.01640625
0 0.35625 0.33046875 0.1203125 0.0984375
0 0.58984375 0.371875 0.0125 0.01953125
0 0.625 0.4015625 0.08515625 0.084375
0 0.71015625 0.62109375 0.01328125 0.02109375
0 0.67734375 0.67109375 0.08046875 0.121875
0 0.446875 0.80078125 0.04296875 0.09140625
0 0.4375 0.81953125 0.0125 0.025