0 0.6296875 0.93046875 0.05390625 0.12421875
0 0.5078125 0.9359375 0.01328125 0.02109375
0 0.8390625 0.93828125 0.01328125 0.02109375
0 0.88515625 0.940625 0.01640625 0.02890625
0 0.83046875 0.9453125 0.03984375 0.06484375
0 0.55546875 0.94921875 0.01015625 0.02109375
0 0.45 0.1453125 0.02734375 0.06875
0 0.4484375 0.146875 0.01015625 0.01796875
0 0.92109375 0.31953125 0.04453125 0.0484375
0 0.93046875 0.32109375 0.00859375 0.01953125
0 0.90390625 0.41953125 0.01328125 0.01875
0 0.89296875 0.421875 0.06171875 0.06015625
0 0.96328125 0.45859375 0.05390625 0.04453125
0 0.984375 0.4671875 0.0109375 0.015625
0 0.03046875 0.47109375 0.03828125 0.06796875
0 0.8890625 0.475 0.01171875 0.021875
0 0.01953125 0.47578125 0.01171875 0.01953125
0 0.88828125 0.4765625 0.05078125 0.06640625
0 0.89140625 0.53359375 0.03125 0.05078125
0 0.0328125 0.5421875 0.01015625 0.015625
0 0.90078125 0.54296875 0.0140625 0.021875
0 0.94296875 0.54375 0.03671875 0.11796875
0 0.0453125 0.54609375 0.0453125 0.053125
0 0.95234375 0.57421875 0.0125 0.0203125
0 0.04375 0.60390625 0.04375 0.053125
0 0.03046875 0.615625 0.00859375 0.0203125
0 0.0125 0.63671875 0.025 0.0609375
0 0.31171875 0.6703125 0.009375 0.01875
0 0.29296875 0.71640625 0.06171875 0.15625
0 0.44921875 0.8546875 0.05234375 0.059375
0 0.440625 0.86875 0.01015625 0.01953125
0 0.61015625 0.878125 0.009375 0.01796875
0 0.8734375 0.91484375 0.0453125 0.08515625
0 0.553125 0.915625 0.03046875 0.096875
0 0.50859375 0.9234375 0.02421875 0.05546875