0 0.43984375 0.09609375 0.03203125 0.09609375
0 0.04375 0.3875 0.01015625 0.01953125
0 0.05703125 0.39140625 0.05546875 0.0390625
0 0.97890625 0.41171875 0.0125 0.01796875
0 0.9703125 0.415625 0.04453125 0.078125
0 0.015625 0.44921875 0.03125 0.0359375
0 0.0609375 0.45703125 0.04765625 0.05078125
0 0.053125 0.45703125 0.01015625 0.01640625
0 0.96875 0.49921875 0.0453125 0.04609375
0 0.97890625 0.5078125 0.0125 0.01796875
0 0.05390625 0.51328125 0.05078125 0.05546875
0 0.03515625 0.53046875 0.01015625 0.0203125
0 0.44296875 0.084375 0.009375 0.01875