0 0.27734375 0.11796875 0.0140625 0.028125
0 0.19375 0.121875 0.10234375 0.0859375
0 0.3203125 0.125 0.01875 0.03671875
0 0.1421875 0.1390625 0.075 0.1515625
0 0.3859375 0.15234375 0.1515625 0.1234375
0 0.56484375 0.175 0.14296875 0.12421875
0 0.2578125 0.20703125 0.08203125 0.21171875
0 0.41015625 0.25546875 0.025 0.03828125
0 0.2171875 0.02734375 0.01875 0.03046875
0 0.45703125 0.28203125 0.22109375 0.15625
0 0.41328125 0.38125 0.01875 0.03828125
0 0.47421875 0.39375 0.17421875 0.13828125
0 0.26171875 0.4765625 0.10390625 0.15078125
0 0.878125 0.48828125 0.0171875 0.03046875
0 0.25078125 0.49609375 0.01953125 0.03984375
0 0.93125 0.54921875 0.1375 0.1578125
0 0.22890625 0.05859375 0.04453125 0.11484375
0 0.12421875 0.08125 0.02109375 0.03984375