0 0.6859375 0.22578125 0.01796875 0.034375
0 0.6609375 0.25859375 0.0890625 0.14921875
0 0.72890625 0.296875 0.05703125 0.1546875
0 0.64765625 0.35625 0.12890625 0.12890625
0 0.7109375 0.35625 0.01640625 0.034375
0 0.7921875 0.37421875 0.08984375 0.08984375
0 0.56640625 0.38671875 0.08046875 0.090625
0 0.6515625 0.4296875 0.01640625 0.0296875
0 0.6953125 0.45859375 0.10390625 0.09453125
0 0.8625 0.4734375 0.0171875 0.028125
0 0.84609375 0.47734375 0.05 0.065625
0 0.63515625 0.05 0.01640625 0.03515625
0 0.63046875 0.52578125 0.01484375 0.03125
0 0.59375 0.534375 0.08828125 0.090625
0 0.590625 0.059375 0.1203125 0.11484375
0 0.871875 0.709375 0.02109375 0.0359375
0 0.88203125 0.72421875 0.08046875 0.14296875
0 0.33125 0.84609375 0.02265625 0.03359375
0 0.29140625 0.86484375 0.1046875 0.07578125