0 0.13359375 0.92734375 0.00703125 0.01796875
0 0.79921875 0.9328125 0.03984375 0.065625
0 0.80703125 0.953125 0.009375 0.01953125
0 0.46640625 0.15625 0.01171875 0.021875
0 0.46796875 0.1625 0.02265625 0.0546875
0 0.00390625 0.40546875 0.0078125 0.01953125
0 0.0171875 0.40703125 0.03359375 0.0359375
0 0.015625 0.478125 0.03046875 0.06015625
0 0.00625 0.48046875 0.01171875 0.01796875
0 0.96953125 0.49765625 0.06015625 0.065625
0 0.95859375 0.5 0.01171875 0.01640625
0 0.91484375 0.50546875 0.05 0.08515625
0 0.93359375 0.51640625 0.01328125 0.01640625
0 0.99375 0.53828125 0.0125 0.01953125
0 0.98359375 0.5390625 0.03203125 0.0515625
0 0.015625 0.54140625 0.009375 0.0203125
0 0.02734375 0.5484375 0.05234375 0.05078125
0 0.9484375 0.575 0.0328125 0.0515625
0 0.9578125 0.58125 0.01171875 0.01875
0 0.43828125 0.8375 0.0375 0.065625
0 0.43203125 0.83828125 0.009375 0.01875
0 0.42578125 0.87578125 0.009375 0.01484375
0 0.4265625 0.8984375 0.02265625 0.05859375
0 0.140625 0.9203125 0.02421875 0.03359375