0 0.69609375 0.1234375 0.01328125 0.025
0 0.68984375 0.178125 0.03828125 0.13203125
0 0.43671875 0.2609375 0.01171875 0.015625
0 0.46875 0.2796875 0.07578125 0.06328125
0 0.4359375 0.28828125 0.01328125 0.02109375
0 0.4546875 0.30078125 0.06796875 0.07578125
0 0.4125 0.3515625 0.01171875 0.0203125
0 0.41796875 0.35703125 0.03828125 0.0703125
0 0.2640625 0.36171875 0.05546875 0.06328125
0 0.27890625 0.37109375 0.01171875 0.015625
0 0.328125 0.403125 0.01640625 0.021875
0 0.31328125 0.4046875 0.07890625 0.08359375
0 0.33203125 0.40859375 0.03046875 0.0515625
0 0.54765625 0.4640625 0.0125 0.0203125
0 0.56484375 0.4703125 0.07109375 0.059375
0 0.47109375 0.48203125 0.0109375 0.02109375
0 0.48203125 0.50703125 0.06171875 0.09921875
0 0.3265625 0.54921875 0.07265625 0.06328125
0 0.2984375 0.56171875 0.01328125 0.025
0 0.6328125 0.82578125 0.053125 0.07109375
0 0.6328125 0.8390625 0.01484375 0.02578125