0 0.634375 0.4953125 0.021875 0.03359375
0 0.60546875 0.50390625 0.09453125 0.1015625
0 0.64453125 0.54375 0.08828125 0.06796875
0 0.56328125 0.57578125 0.03984375 0.07578125
0 0.56875 0.57578125 0.01640625 0.03359375
0 0.61484375 0.6125 0.01796875 0.02890625
0 0.596875 0.62265625 0.0625 0.09375
0 0.31875 0.659375 0.01953125 0.03515625
0 0.3546875 0.67109375 0.1 0.11484375
0 0.7125 0.70546875 0.01484375 0.02890625
0 0.5140625 0.72109375 0.0515625 0.09609375
0 0.66328125 0.72734375 0.13125 0.1140625
0 0.8609375 0.753125 0.01640625 0.02578125
0 0.6734375 0.78046875 0.1484375 0.14296875
0 0.73671875 0.7859375 0.01640625 0.03203125
0 0.81328125 0.7859375 0.146875 0.10859375
0 0.56640625 0.7984375 0.04296875 0.0640625
0 0.56796875 0.79921875 0.01875 0.028125