0 0.4609375 0.60390625 0.046875 0.1046875
0 0.46796875 0.60859375 0.01015625 0.01953125
0 0.55625 0.63984375 0.009375 0.0203125
0 0.39140625 0.65078125 0.01015625 0.02109375
0 0.38515625 0.659375 0.04921875 0.14609375
0 0.55390625 0.66875 0.03046875 0.09296875
0 0.48984375 0.6796875 0.05 0.0703125
0 0.4953125 0.68046875 0.0109375 0.0203125
0 0.446875 0.69453125 0.01015625 0.01875
0 0.58203125 0.69453125 0.01171875 0.01796875
0 0.75859375 0.69921875 0.01171875 0.01953125
0 0.759375 0.703125 0.04140625 0.12109375
0 0.59453125 0.71171875 0.0734375 0.08671875
0 0.44921875 0.721875 0.03671875 0.0765625
0 0.7015625 0.7296875 0.01015625 0.02421875
0 0.71484375 0.7671875 0.08046875 0.134375
0 0.61953125 0.8171875 0.0109375 0.02109375
0 0.61875 0.82734375 0.04921875 0.12890625