0 0.68046875 0.12421875 0.01171875 0.021875
0 0.68515625 0.1640625 0.06640625 0.11484375
0 0.45234375 0.265625 0.01171875 0.01796875
0 0.43984375 0.2953125 0.01171875 0.0203125
0 0.475 0.296875 0.09765625 0.08046875
0 0.4671875 0.31328125 0.0984375 0.084375
0 0.2640625 0.34453125 0.0734375 0.06171875
0 0.403125 0.3484375 0.0125 0.0296875
0 0.4046875 0.3609375 0.04765625 0.08671875
0 0.28203125 0.3859375 0.0125 0.01875
0 0.309375 0.4109375 0.09765625 0.0890625
0 0.36015625 0.4234375 0.08203125 0.0984375
0 0.546875 0.4546875 0.01171875 0.02421875
0 0.571875 0.45703125 0.07265625 0.09921875
0 0.48203125 0.49453125 0.0125 0.01953125
0 0.51328125 0.51875 0.08203125 0.08984375
0 0.29609375 0.546875 0.01171875 0.0234375
0 0.33125 0.553125 0.084375 0.06015625
0 0.634375 0.81328125 0.06484375 0.08671875
0 0.61875 0.821875 0.01015625 0.0234375