0 0.45859375 0.93359375 0.0734375 0.13203125
0 0.45703125 0.93984375 0.01953125 0.04609375
0 0.34375 0.95 0.06328125 0.1
0 0.4609375 0.2640625 0.02109375 0.0453125
0 0.0953125 0.28359375 0.12109375 0.14375
0 0.11640625 0.31796875 0.02734375 0.04453125
0 0.46015625 0.340625 0.1171875 0.225
0 0.4140625 0.55390625 0.13125 0.165625
0 0.27109375 0.64140625 0.0828125 0.1484375
0 0.50546875 0.7484375 0.0234375 0.04453125
0 0.315625 0.7484375 0.1328125 0.1953125
0 0.45859375 0.75703125 0.01796875 0.0390625
0 0.46953125 0.784375 0.04296875 0.10390625
0 0.5296875 0.83359375 0.08515625 0.2796875