0 0.9171875 0.42734375 0.11953125 0.04375
0 0.890625 0.42890625 0.01171875 0.02109375
0 0.37421875 0.43203125 0.00859375 0.01484375
0 0.4046875 0.434375 0.10703125 0.053125
0 0.2703125 0.44921875 0.0109375 0.0203125
0 0.30078125 0.459375 0.10703125 0.05546875
0 0.40859375 0.540625 0.11015625 0.04296875
0 0.3765625 0.54609375 0.01171875 0.0203125
0 0.25625 0.553125 0.01171875 0.01875
0 0.2859375 0.55625 0.11640625 0.04375
0 0.96171875 0.58359375 0.07578125 0.15390625
0 0.98515625 0.590625 0.0296875 0.05
0 0.99453125 0.6015625 0.0109375 0.015625
0 0.34375 0.615625 0.10859375 0.04609375
0 0.3140625 0.61953125 0.0109375 0.01796875
0 0.24453125 0.659375 0.01015625 0.01796875
0 0.275 0.6609375 0.09921875 0.04921875