0 0.86796875 0.98203125 0.06484375 0.03515625
0 0.58359375 0.990625 0.02265625 0.01875
0 0.5859375 0.9921875 0.00859375 0.015625
0 0.4046875 0.359375 0.0109375 0.0203125
0 0.4046875 0.3609375 0.028125 0.05625
0 0.71875 0.46328125 0.01171875 0.02109375
0 0.8109375 0.46875 0.0125 0.02421875
0 0.634375 0.478125 0.03359375 0.109375
0 0.7984375 0.47890625 0.04296875 0.11484375
0 0.703125 0.47890625 0.09453125 0.06796875
0 0.640625 0.4828125 0.0109375 0.02109375
0 0.89296875 0.540625 0.04296875 0.06640625
0 0.8953125 0.5421875 0.01484375 0.01953125
0 0.59765625 0.55078125 0.01640625 0.01953125
0 0.5953125 0.5515625 0.0640625 0.06328125
0 0.8140625 0.56796875 0.06015625 0.07421875
0 0.690625 0.57578125 0.009375 0.01640625
0 0.68359375 0.57890625 0.03046875 0.06640625
0 0.83671875 0.5828125 0.01484375 0.0234375
0 0.790625 0.65234375 0.0515625 0.0765625
0 0.67578125 0.66328125 0.0453125 0.0640625
0 0.80625 0.665625 0.0109375 0.01953125
0 0.68359375 0.6734375 0.0125 0.0203125
0 0.73671875 0.70390625 0.05390625 0.065625
0 0.74765625 0.72265625 0.01484375 0.0265625