0 0.484375 0.13984375 0.0140625 0.02421875
0 0.521875 0.15703125 0.12578125 0.06015625
0 0.565625 0.43671875 0.0140625 0.0265625
0 0.5984375 0.44921875 0.12265625 0.05703125
0 0.3078125 0.50859375 0.11328125 0.046875
0 0.68359375 0.53203125 0.01171875 0.02421875
0 0.715625 0.5359375 0.1125 0.078125
0 0.57890625 0.54375 0.01328125 0.03046875
0 0.31484375 0.5484375 0.10234375 0.0453125
0 0.61875 0.5578125 0.12734375 0.1046875
0 0.48984375 0.56875 0.0140625 0.02578125
0 0.38359375 0.57890625 0.01328125 0.0296875
0 0.5171875 0.5859375 0.11953125 0.1
0 0.428125 0.59453125 0.12578125 0.08125
0 0.40234375 0.653125 0.078125 0.0765625
0 0.28828125 0.65859375 0.01484375 0.0265625
0 0.3328125 0.68359375 0.103125 0.0890625
0 0.83828125 0.79453125 0.01484375 0.02578125
0 0.88828125 0.80078125 0.11328125 0.128125