0 0.4765625 0.103125 0.01015625 0.01875
0 0.47265625 0.1109375 0.02578125 0.05625
0 0.0125 0.3421875 0.01171875 0.0234375
0 0.01953125 0.34296875 0.0390625 0.0671875
0 0.01171875 0.403125 0.015625 0.01875
0 0.02109375 0.4046875 0.040625 0.059375
0 0.02109375 0.46640625 0.01171875 0.01640625
0 0.03125 0.475 0.04453125 0.04453125
0 0.96328125 0.48046875 0.0109375 0.015625
0 0.9765625 0.48671875 0.04609375 0.09296875
0 0.9375 0.4984375 0.0265625 0.06796875
0 0.94453125 0.5015625 0.01171875 0.01640625
0 0.9875 0.52265625 0.025 0.0453125
0 0.9625 0.56328125 0.01328125 0.02421875
0 0.95078125 0.5671875 0.04296875 0.0640625
0 0.45234375 0.7703125 0.02578125 0.06484375
0 0.4515625 0.771875 0.00859375 0.01875
0 0.4203125 0.85546875 0.01171875 0.01796875
0 0.1484375 0.85859375 0.06171875 0.10625
0 0.140625 0.86796875 0.02734375 0.0359375
0 0.425 0.88046875 0.03046875 0.06875
0 0.803125 0.9125 0.0421875 0.05859375
0 0.81484375 0.9125 0.00703125 0.01796875