0 0.55546875 0.21953125 0.08046875 0.12421875
0 0.56328125 0.21953125 0.015625 0.02578125
0 0.62890625 0.33359375 0.0171875 0.0265625
0 0.62734375 0.353125 0.05859375 0.09375
0 0.5125 0.3546875 0.0796875 0.11875
0 0.43203125 0.37578125 0.01015625 0.02109375
0 0.56015625 0.4078125 0.0453125 0.0859375
0 0.41796875 0.4234375 0.0875 0.18359375
0 0.67109375 0.4265625 0.1015625 0.12578125
0 0.63515625 0.428125 0.01640625 0.028125
0 0.5734375 0.47109375 0.07421875 0.0859375
0 0.5921875 0.47109375 0.01796875 0.0296875
0 0.66640625 0.56171875 0.015625 0.021875
0 0.66015625 0.58515625 0.05078125 0.13359375