0 0.31796875 0.42421875 0.18671875 0.1140625
0 0.365625 0.43515625 0.02109375 0.0390625
0 0.90703125 0.50546875 0.1859375 0.1765625
0 0.89609375 0.52421875 0.025 0.0359375
0 0.478125 0.59609375 0.05390625 0.3046875
0 0.40859375 0.62109375 0.11328125 0.26328125
0 0.721875 0.63984375 0.01953125 0.03671875
0 0.096875 0.64140625 0.159375 0.2359375
0 0.77890625 0.6671875 0.153125 0.1546875
0 0.1203125 0.70390625 0.02578125 0.04921875
0 0.5515625 0.725 0.18359375 0.16328125
0 0.45625 0.728125 0.02109375 0.0453125
0 0.32734375 0.7859375 0.1328125 0.16796875
0 0.5109375 0.78671875 0.01796875 0.03359375
0 0.38359375 0.84921875 0.0203125 0.04140625