0 0.3625 0.0125 0.00859375 0.01953125
0 0.259375 0.17421875 0.0859375 0.06953125
0 0.365625 0.01796875 0.01640625 0.03515625
0 0.28203125 0.18125 0.009375 0.01796875
0 0.50703125 0.225 0.06953125 0.090625
0 0.478125 0.24453125 0.00859375 0.01875
0 0.3390625 0.03203125 0.00859375 0.01875
0 0.3390625 0.0390625 0.01875 0.03515625
0 0.33515625 0.39609375 0.08671875 0.07421875
0 0.36015625 0.39609375 0.00859375 0.01484375
0 0.42734375 0.41015625 0.00859375 0.01640625
0 0.26171875 0.41953125 0.10234375 0.05546875
0 0.41171875 0.4203125 0.07421875 0.06484375
0 0.28828125 0.4234375 0.009375 0.01796875
0 0.60625 0.0453125 0.0453125 0.03671875
0 0.734375 0.45390625 0.00859375 0.01796875
0 0.76328125 0.46015625 0.09921875 0.0609375
0 0.50859375 0.46640625 0.0078125 0.01640625
0 0.5265625 0.46875 0.05390625 0.06875
0 0.61875 0.046875 0.0109375 0.01875
0 0.60703125 0.4734375 0.00859375 0.01484375
0 0.62890625 0.4828125 0.09765625 0.07109375
0 0.3546875 0.51015625 0.06953125 0.0296875
0 0.6015625 0.06796875 0.01015625 0.01640625
0 0.4875 0.80703125 0.01015625 0.015625
0 0.34140625 0.81171875 0.01015625 0.0203125
0 0.48984375 0.8203125 0.02421875 0.05390625
0 0.35078125 0.83515625 0.040625 0.08359375
0 0.596875 0.0890625 0.03671875 0.06484375