0 0.34140625 0.09296875 0.01328125 0.01796875
0 0.3484375 0.09453125 0.04296875 0.0859375
0 0.0546875 0.31796875 0.075 0.06171875
0 0.08203125 0.32578125 0.009375 0.01875
0 0.59609375 0.37578125 0.096875 0.05703125
0 0.57578125 0.378125 0.015625 0.02578125
0 0.04921875 0.40078125 0.0859375 0.04140625
0 0.06953125 0.403125 0.01015625 0.01640625
0 0.61015625 0.415625 0.08984375 0.053125
0 0.5703125 0.42109375 0.0078125 0.0203125
0 0.7125 0.43203125 0.09609375 0.05859375
0 0.68046875 0.44765625 0.0140625 0.0234375
0 0.63359375 0.4765625 0.08046875 0.04609375
0 0.60703125 0.4796875 0.0125 0.021875
0 0.35234375 0.63984375 0.01640625 0.01875
0 0.36171875 0.665625 0.0390625 0.084375
0 0.4171875 0.75078125 0.01015625 0.01796875
0 0.41953125 0.76640625 0.0421875 0.0609375