0 0.45234375 0.10390625 0.09296875 0.175
0 0.4328125 0.14375 0.01328125 0.025
0 0.315625 0.171875 0.01328125 0.02890625
0 0.33984375 0.1734375 0.0640625 0.0953125
0 0.4265625 0.39296875 0.11640625 0.14453125
0 0.39921875 0.42109375 0.01171875 0.02890625
0 0.3421875 0.4609375 0.04765625 0.16015625
0 0.11171875 0.465625 0.0671875 0.159375
0 0.11953125 0.4984375 0.01328125 0.03203125
0 0.24765625 0.509375 0.0890625 0.11953125
0 0.328125 0.52265625 0.01328125 0.0265625
0 0.5609375 0.53359375 0.09765625 0.16953125
0 0.35 0.54140625 0.10625 0.0796875
0 0.31015625 0.56328125 0.01640625 0.0296875
0 0.53515625 0.5828125 0.01640625 0.0265625
0 0.36328125 0.61171875 0.1078125 0.09140625
0 0.34375 0.73203125 0.10859375 0.096875
0 0.31171875 0.75625 0.01328125 0.021875
0 0.51328125 0.81875 0.05234375 0.1015625
0 0.50546875 0.82578125 0.01171875 0.025