0 0.24140625 0.94296875 0.03125 0.053125
0 0.23203125 0.95625 0.01015625 0.0234375
0 0.71171875 0.390625 0.10390625 0.0734375
0 0.00390625 0.39296875 0.0078125 0.0203125
0 0.740625 0.4046875 0.01171875 0.0203125
0 0.42734375 0.40703125 0.09453125 0.12421875
0 0.02109375 0.4109375 0.0421875 0.06015625
0 0.53359375 0.41953125 0.01171875 0.01953125
0 0.5046875 0.421875 0.10390625 0.06796875
0 0.45703125 0.45703125 0.009375 0.01796875
0 0.6890625 0.49609375 0.1203125 0.04921875
0 0.57421875 0.49921875 0.09140625 0.06796875
0 0.01484375 0.503125 0.02890625 0.04140625
0 0.71953125 0.50625 0.01171875 0.02109375
0 0.6078125 0.515625 0.01015625 0.01640625
0 0.01875 0.55703125 0.03671875 0.06328125
0 0.64140625 0.575 0.01015625 0.0203125
0 0.61640625 0.58984375 0.10078125 0.06640625
0 0.725 0.60546875 0.10234375 0.06328125
0 0.7515625 0.61953125 0.0140625 0.021875
0 0.4171875 0.73984375 0.04296875 0.09453125
0 0.4171875 0.76875 0.0109375 0.01953125