0 0.05546875 0.92734375 0.1109375 0.084375
0 0.05703125 0.98125 0.11328125 0.03671875
0 0.178125 0.390625 0.1515625 0.0734375
0 0.24453125 0.4015625 0.01796875 0.03515625
0 0.2078125 0.55390625 0.01875 0.0296875
0 0.1546875 0.5640625 0.1671875 0.11328125
0 0.30390625 0.66015625 0.08046875 0.1484375
0 0.3109375 0.7109375 0.01796875 0.0296875
0 0.08125 0.71640625 0.12109375 0.140625
0 0.1328125 0.71875 0.0171875 0.0296875
0 0.3109375 0.7640625 0.0203125 0.03359375
0 0.26484375 0.77109375 0.153125 0.1109375
0 0.02109375 0.81640625 0.03984375 0.08828125
0 0.36875 0.81640625 0.0640625 0.18671875
0 0.02421875 0.8328125 0.01953125 0.03203125
0 0.3703125 0.86640625 0.01796875 0.0296875