0 0.5125 0.96796875 0.0171875 0.0640625
0 0.93125 0.4015625 0.1171875 0.05390625
0 0.10625 0.40625 0.01171875 0.02109375
0 0.07109375 0.40625 0.121875 0.05390625
0 0.90625 0.4109375 0.01015625 0.01875
0 0.9625 0.446875 0.0140625 0.01796875
0 0.9640625 0.44765625 0.07109375 0.03828125
0 0.8765625 0.4734375 0.11015625 0.04453125
0 0.84921875 0.478125 0.01171875 0.01640625
0 0.14765625 0.48046875 0.01328125 0.02890625
0 0.11953125 0.4859375 0.10625 0.06875
0 0.0296875 0.51015625 0.059375 0.0296875
0 0.021875 0.51171875 0.0140625 0.021875
0 0.08515625 0.54296875 0.12265625 0.05625
0 0.1125 0.5484375 0.0109375 0.0203125
0 0.878125 0.55078125 0.0109375 0.01484375
0 0.90234375 0.553125 0.12265625 0.05859375
0 0.996875 0.6765625 0.00625 0.021875
0 0.97421875 0.73359375 0.0515625 0.16484375
0 0.5609375 0.78984375 0.04453125 0.10703125
0 0.5 0.79609375 0.034375 0.0703125
0 0.496875 0.8046875 0.00859375 0.0203125
0 0.5546875 0.81484375 0.0078125 0.01875
0 0.8875 0.8375 0.05546875 0.06015625
0 0.9046875 0.84296875 0.01484375 0.01953125
0 0.43984375 0.89921875 0.08515625 0.10078125