0 0.8375 0.97578125 0.03515625 0.0484375
0 0.83359375 0.98359375 0.01015625 0.02421875
0 0.375 0.1578125 0.1078125 0.0640625
0 0.4 0.16015625 0.0109375 0.021875
0 0.2734375 0.54296875 0.10234375 0.065625
0 0.3 0.54921875 0.0140625 0.021875
0 0.3765625 0.59296875 0.06953125 0.04453125
0 0.52265625 0.59453125 0.1046875 0.08046875
0 0.3140625 0.63828125 0.1171875 0.08359375
0 0.3390625 0.64296875 0.01484375 0.0265625
0 0.53359375 0.6515625 0.11875 0.08125
0 0.56015625 0.65859375 0.0125 0.01640625
0 0.4484375 0.75390625 0.0109375 0.025
0 0.4171875 0.7734375 0.09921875 0.07578125
0 0.41171875 0.85234375 0.01171875 0.0265625
0 0.37265625 0.86171875 0.08984375 0.06171875