0 0.65859375 0.0984375 0.134375 0.0765625
0 0.3265625 0.18046875 0.10078125 0.08828125
0 0.36953125 0.18984375 0.01328125 0.0296875
0 0.72265625 0.02578125 0.01640625 0.03671875
0 0.85 0.278125 0.01328125 0.02109375
0 0.87578125 0.3171875 0.01015625 0.01953125
0 0.846875 0.3484375 0.04296875 0.16953125
0 0.8765625 0.36953125 0.03046875 0.19453125
0 0.68359375 0.0421875 0.12421875 0.0765625
0 0.43359375 0.43046875 0.01484375 0.0234375
0 0.6296875 0.44609375 0.01328125 0.025
0 0.39609375 0.44765625 0.11640625 0.1140625
0 0.58984375 0.4671875 0.13046875 0.084375
0 0.70390625 0.47421875 0.07109375 0.1140625
0 0.60859375 0.53828125 0.0109375 0.01640625
0 0.57265625 0.57421875 0.08359375 0.09296875
0 0.72734375 0.609375 0.015625 0.02578125
0 0.69765625 0.63046875 0.121875 0.0703125
0 0.490625 0.75078125 0.0109375 0.03515625
0 0.69609375 0.07734375 0.01484375 0.025
0 0.88203125 0.77109375 0.0125 0.03203125
0 0.44609375 0.7734375 0.10234375 0.0890625
0 0.8359375 0.825 0.10703125 0.1390625