0 0.3375 0.21953125 0.0171875 0.0296875
0 0.37890625 0.228125 0.11953125 0.10078125
0 0.234375 0.22890625 0.0671875 0.11640625
0 0.60234375 0.03046875 0.1 0.05859375
0 0.5640625 0.03203125 0.01328125 0.03359375
0 0.4328125 0.3546875 0.12890625 0.09609375
0 0.3953125 0.3734375 0.01484375 0.02109375
0 0.259375 0.3828125 0.01640625 0.02890625
0 0.30078125 0.3859375 0.11640625 0.0703125
0 0.5140625 0.478125 0.12890625 0.10859375
0 0.48984375 0.50703125 0.01796875 0.03125
0 0.18125 0.51875 0.10859375 0.053125
0 0.3546875 0.5453125 0.1109375 0.11875
0 0.3125 0.5734375 0.01875 0.02421875
0 0.615625 0.58359375 0.11484375 0.14375
0 0.25234375 0.609375 0.09765625 0.08671875
0 0.5671875 0.6234375 0.01796875 0.03046875
0 0.403125 0.06796875 0.1171875 0.1359375
0 0.2546875 0.7109375 0.1203125 0.06171875
0 0.203125 0.72421875 0.01328125 0.0296875
0 0.36796875 0.08671875 0.015625 0.03046875