0 0.56953125 0.15234375 0.13984375 0.103125
0 0.60625 0.16953125 0.0140625 0.03046875
0 0.55703125 0.49296875 0.01484375 0.0390625
0 0.4921875 0.49921875 0.0953125 0.103125
0 0.3171875 0.50390625 0.01640625 0.03515625
0 0.45703125 0.50546875 0.01171875 0.02890625
0 0.42890625 0.53515625 0.11796875 0.14296875
0 0.384375 0.5453125 0.0390625 0.06640625
0 0.2953125 0.55 0.06015625 0.16484375
0 0.3625 0.55234375 0.01484375 0.03046875
0 0.38671875 0.55234375 0.0125 0.0265625
0 0.559375 0.5609375 0.0453125 0.190625
0 0.35 0.6015625 0.05078125 0.2515625
0 0.5453125 0.7234375 0.09921875 0.1296875
0 0.73828125 0.80703125 0.01484375 0.02890625
0 0.69921875 0.83515625 0.1375 0.121875
0 0.58203125 0.878125 0.01640625 0.0296875
0 0.540625 0.921875 0.1140625 0.11875