0 0.51015625 0.1375 0.0109375 0.025
0 0.48984375 0.140625 0.05234375 0.06015625
0 0.05234375 0.38203125 0.01328125 0.01875
0 0.0453125 0.396875 0.08984375 0.08671875
0 0.1921875 0.4046875 0.01171875 0.028125
0 0.92109375 0.41484375 0.01484375 0.01640625
0 0.95078125 0.4171875 0.0984375 0.0546875
0 0.159375 0.42421875 0.12421875 0.08828125
0 0.90078125 0.49140625 0.0125 0.02109375
0 0.93359375 0.49375 0.1328125 0.05390625
0 0.171875 0.5 0.121875 0.04296875
0 0.04765625 0.49921875 0.0953125 0.0453125
0 0.06328125 0.50078125 0.01171875 0.01953125
0 0.2 0.5015625 0.0140625 0.01875
0 0.16171875 0.58125 0.01171875 0.025
0 0.12734375 0.5828125 0.08515625 0.053125
0 0.0953125 0.60625 0.09453125 0.08046875
0 0.51015625 0.82421875 0.05390625 0.08828125
0 0.50859375 0.8390625 0.01015625 0.0203125