0 0.4953125 0.240625 0.05234375 0.06328125
0 0.503125 0.259375 0.0125 0.01953125
0 0.34140625 0.459375 0.01796875 0.0234375
0 0.31328125 0.46328125 0.08828125 0.05546875
0 0.65625 0.47890625 0.09921875 0.059375
0 0.6296875 0.48046875 0.01484375 0.01796875
0 0.62109375 0.546875 0.09765625 0.046875
0 0.221875 0.57421875 0.0171875 0.0296875
0 0.19453125 0.575 0.10546875 0.0484375
0 0.334375 0.57578125 0.09921875 0.05859375
0 0.80234375 0.57890625 0.01328125 0.01953125
0 0.83046875 0.5796875 0.109375 0.05390625
0 0.390625 0.6359375 0.01171875 0.02578125
0 0.36015625 0.6390625 0.08046875 0.05703125
0 0.66640625 0.646875 0.084375 0.04296875
0 0.50234375 0.79140625 0.01015625 0.0234375
0 0.50390625 0.84296875 0.03203125 0.1265625
0 0.81875 0.89453125 0.10234375 0.1015625
0 0.7984375 0.903125 0.01171875 0.02421875