0 0.33359375 0.3421875 0.01171875 0.01953125
0 0.32890625 0.346875 0.03984375 0.05390625
0 0.01875 0.3796875 0.03671875 0.04609375
0 0.02109375 0.43046875 0.04140625 0.06484375
0 0.23125 0.4359375 0.01171875 0.02109375
0 0.2546875 0.4359375 0.09609375 0.0953125
0 0.00859375 0.4390625 0.01328125 0.021875
0 0.01015625 0.5140625 0.0203125 0.053125
0 0.23984375 0.528125 0.05546875 0.0515625
0 0.2203125 0.52890625 0.01328125 0.02109375
0 0.3234375 0.56640625 0.05 0.06796875
0 0.3265625 0.58671875 0.01015625 0.01640625
0 0.48046875 0.8671875 0.06328125 0.05859375
0 0.47578125 0.88203125 0.01015625 0.01953125