0 0.36171875 0.015625 0.01875 0.02890625
0 0.334375 0.01875 0.01015625 0.0203125
0 0.30859375 0.190625 0.009375 0.0203125
0 0.2859375 0.1953125 0.08046875 0.06328125
0 0.50625 0.22109375 0.0734375 0.0640625
0 0.33515625 0.02265625 0.02265625 0.0359375
0 0.4734375 0.228125 0.01015625 0.0203125
0 0.6125 0.03046875 0.009375 0.01640625
0 0.6 0.03671875 0.03671875 0.03359375
0 0.3625 0.3890625 0.05625 0.115625
0 0.54375 0.43671875 0.06640625 0.096875
0 0.38203125 0.43671875 0.01171875 0.01796875
0 0.6609375 0.4515625 0.01015625 0.01875
0 0.30390625 0.4515625 0.06171875 0.15390625
0 0.684375 0.45390625 0.08515625 0.075
0 0.52421875 0.46640625 0.0109375 0.01640625
0 0.31875 0.490625 0.0109375 0.01796875
0 0.5625 0.5078125 0.06484375 0.125
0 0.446875 0.509375 0.03125 0.16640625
0 0.4828125 0.52578125 0.03984375 0.12890625
0 0.5453125 0.54296875 0.00859375 0.015625
0 0.45078125 0.54609375 0.009375 0.01796875
0 0.4125 0.55234375 0.04765625 0.11953125
0 0.46953125 0.56328125 0.009375 0.015625
0 0.43046875 0.58359375 0.009375 0.01640625
0 0.609375 0.06171875 0.0078125 0.01796875
0 0.3609375 0.00703125 0.0109375 0.01328125
0 0.33828125 0.78125 0.01171875 0.01484375
0 0.4828125 0.7953125 0.00859375 0.01640625
0 0.346875 0.81484375 0.0421875 0.0984375
0 0.4890625 0.815625 0.0265625 0.07421875
0 0.59921875 0.08359375 0.034375 0.06171875