0 0.4921875 0.4515625 0.01171875 0.01875
0 0.49140625 0.45546875 0.03515625 0.09296875
0 0.89140625 0.51796875 0.01171875 0.01953125
0 0.85859375 0.5203125 0.11796875 0.05703125
0 0.70625 0.5515625 0.08984375 0.06171875
0 0.74453125 0.5515625 0.01171875 0.01953125
0 0.91015625 0.5890625 0.11953125 0.053125
0 0.9453125 0.58984375 0.01328125 0.02421875
0 0.9921875 0.7890625 0.015625 0.025
0 0.9734375 0.834375 0.05234375 0.1515625
0 0.4625 0.85390625 0.05859375 0.07578125
0 0.67578125 0.87265625 0.01015625 0.01953125
0 0.64609375 0.87421875 0.09765625 0.11640625
0 0.47734375 0.88046875 0.01171875 0.01875