0 0.22109375 0.09453125 0.025 0.05
0 0.61953125 0.103125 0.0203125 0.0453125
0 0.246875 0.103125 0.0078125 0.0140625
0 0.253125 0.1078125 0.02265625 0.03203125
0 0.62109375 0.109375 0.00859375 0.02109375
0 0.59609375 0.11171875 0.01015625 0.01640625
0 0.590625 0.128125 0.02734375 0.08515625
0 0.79140625 0.3640625 0.10390625 0.08359375
0 0.76484375 0.378125 0.01640625 0.021875
0 0.0984375 0.45625 0.0109375 0.01484375
0 0.08203125 0.45859375 0.08515625 0.03984375
0 0.8453125 0.50390625 0.10234375 0.07109375
0 0.82421875 0.50625 0.0125 0.025
0 0.09921875 0.515625 0.09765625 0.05625
0 0.12109375 0.52109375 0.01015625 0.021875
0 0.753125 0.540625 0.07890625 0.04296875
0 0.05078125 0.56328125 0.040625 0.0546875
0 0.06484375 0.5734375 0.00859375 0.01640625
0 0.78203125 0.59453125 0.09296875 0.04453125
0 0.76171875 0.59921875 0.01171875 0.021875
0 0.096875 0.62890625 0.01484375 0.01875
0 0.08125 0.62890625 0.08515625 0.03984375
0 0.60546875 0.071875 0.0078125 0.01328125
0 0.60546875 0.07421875 0.02734375 0.025
0 0.215625 0.078125 0.00859375 0.015625