0 0.628125 0.2078125 0.01640625 0.0265625
0 0.59375 0.21640625 0.10546875 0.075
0 0.5546875 0.30625 0.09140625 0.11015625
0 0.675 0.31328125 0.09453125 0.13671875
0 0.528125 0.35546875 0.01796875 0.025
0 0.6515625 0.37421875 0.0953125 0.09453125
0 0.51171875 0.38203125 0.10078125 0.14609375
0 0.53203125 0.43828125 0.04453125 0.0984375
0 0.54765625 0.43828125 0.01640625 0.02890625
0 0.63203125 0.4546875 0.08203125 0.07421875
0 0.64375 0.46953125 0.01328125 0.02890625
0 0.6671875 0.52265625 0.0578125 0.10625
0 0.67421875 0.54453125 0.01328125 0.0265625