0 0.93359375 0.48203125 0.04765625 0.0609375
0 0.93203125 0.48359375 0.01328125 0.021875
0 0.559375 0.48359375 0.0109375 0.02109375
0 0.55703125 0.496875 0.034375 0.06796875
0 0.60859375 0.5265625 0.0125 0.025
0 0.60703125 0.534375 0.028125 0.059375
0 0.6859375 0.54453125 0.01015625 0.025
0 0.6734375 0.5484375 0.0390625 0.0734375
0 0.86015625 0.55625 0.04296875 0.0734375
0 0.8671875 0.5671875 0.0140625 0.0234375
0 0.4359375 0.59296875 0.0125 0.01953125
0 0.44609375 0.603125 0.0421875 0.0734375
0 0.77890625 0.64296875 0.0578125 0.11875
0 0.78828125 0.6578125 0.01328125 0.02109375
0 0.59140625 0.67109375 0.06875 0.0890625
0 0.48125 0.68125 0.04609375 0.059375
0 0.4796875 0.6828125 0.0109375 0.02109375
0 0.625 0.6984375 0.03359375 0.07421875
0 0.58828125 0.6984375 0.01171875 0.025
0 0.6265625 0.71640625 0.01171875 0.0234375
0 0.52109375 0.73984375 0.04140625 0.1015625
0 0.66484375 0.7421875 0.04921875 0.0765625
0 0.67421875 0.74765625 0.01328125 0.02890625
0 0.51640625 0.75703125 0.01171875 0.02421875
0 0.6890625 0.8140625 0.0375 0.1265625
0 0.465625 0.8359375 0.04296875 0.075
0 0.46796875 0.8546875 0.01015625 0.021875
0 0.6953125 0.8625 0.01328125 0.0265625