0 0.56875 0.175 0.01796875 0.03671875
0 0.6078125 0.2234375 0.1421875 0.134375
0 0.534375 0.28046875 0.01796875 0.03984375
0 0.56796875 0.284375 0.09140625 0.07890625
0 0.6640625 0.378125 0.140625 0.06640625
0 0.4671875 0.38046875 0.0171875 0.034375
0 0.73984375 0.38125 0.11484375 0.1109375
0 0.61875 0.3875 0.01953125 0.034375
0 0.5046875 0.3875 0.10390625 0.08828125
0 0.7234375 0.4 0.02109375 0.03359375
0 0.45859375 0.46328125 0.02265625 0.0359375
0 0.81484375 0.471875 0.16640625 0.09140625
0 0.5046875 0.47421875 0.15390625 0.06953125
0 0.77265625 0.490625 0.01875 0.0390625
0 0.5875 0.55859375 0.15703125 0.0859375
0 0.54375 0.5703125 0.0203125 0.03515625
0 0.571875 0.059375 0.01875 0.03515625
0 0.603125 0.059375 0.11796875 0.103125
0 0.7984375 0.73515625 0.02109375 0.03359375
0 0.834375 0.746875 0.15390625 0.11328125
0 0.309375 0.82578125 0.02109375 0.03125
0 0.28671875 0.86796875 0.12578125 0.15859375