0 0.18984375 0.0140625 0.03359375 0.028125
0 0.5890625 0.02109375 0.02578125 0.04140625
0 0.36015625 0.4359375 0.00234375 0.003125
0 0.4390625 0.46171875 0.00859375 0.02109375
0 0.4140625 0.4765625 0.09296875 0.0609375
0 0.29921875 0.52421875 0.059375 0.1015625
0 0.31328125 0.603125 0.01015625 0.02109375
0 0.4375 0.6046875 0.09609375 0.05703125
0 0.49296875 0.609375 0.01171875 0.01953125
0 0.3421875 0.62578125 0.01015625 0.01796875
0 0.290625 0.63125 0.07578125 0.11171875
0 0.3125 0.65078125 0.0984375 0.109375
0 0.4703125 0.66328125 0.07890625 0.13828125
0 0.3421875 0.68671875 0.01171875 0.0203125
0 0.3203125 0.70859375 0.09453125 0.09375
0 0.334375 0.79765625 0.0421875 0.065625
0 0.35078125 0.80859375 0.01171875 0.02109375