0 0.96875 0.95703125 0.06171875 0.08515625
0 0.8984375 0.12109375 0.0109375 0.0203125
0 0.87578125 0.1265625 0.0578125 0.08125
0 0.54609375 0.3234375 0.08515625 0.05
0 0.51015625 0.32734375 0.01328125 0.01953125
0 0.70703125 0.39921875 0.109375 0.08671875
0 0.565625 0.4 0.0796875 0.128125
0 0.55703125 0.40703125 0.01015625 0.02109375
0 0.67890625 0.4140625 0.01171875 0.01875
0 0.7453125 0.43671875 0.10546875 0.0765625
0 0.71796875 0.45703125 0.0140625 0.02421875
0 0.8734375 0.47421875 0.06640625 0.08125
0 0.89453125 0.47890625 0.01484375 0.0203125
0 0.70234375 0.57578125 0.121875 0.078125
0 0.67109375 0.5890625 0.009375 0.01953125
0 0.88203125 0.69609375 0.0703125 0.0609375
0 0.90078125 0.709375 0.01171875 0.02890625
0 0.83203125 0.809375 0.01015625 0.0203125
0 0.8453125 0.84140625 0.053125 0.12890625
0 0.840625 0.85859375 0.01015625 0.01953125
0 0.82265625 0.87578125 0.05078125 0.0796875