0 0.42578125 0.9875 0.0828125 0.025
0 0.49140625 0.13984375 0.01015625 0.021875
0 0.4921875 0.15703125 0.0296875 0.06171875
0 0.07109375 0.39296875 0.0109375 0.02109375
0 0.07578125 0.3953125 0.04375 0.05
0 0.009375 0.47109375 0.01171875 0.0203125
0 0.078125 0.4734375 0.0109375 0.01640625
0 0.08125 0.4734375 0.04765625 0.059375
0 0.025 0.4734375 0.04296875 0.053125
0 0.93125 0.47578125 0.0140625 0.0234375
0 0.94296875 0.47890625 0.084375 0.06171875
0 0.94453125 0.56328125 0.04609375 0.06953125
0 0.94375 0.57109375 0.01328125 0.0234375
0 0.98359375 0.575 0.0328125 0.059375
0 0.99296875 0.578125 0.01015625 0.015625
0 0.08125 0.57890625 0.0125 0.021875
0 0.0921875 0.58046875 0.0359375 0.0609375