0 0.81875 0.01015625 0.009375 0.01640625
0 0.6328125 0.15546875 0.0765625 0.1203125
0 0.465625 0.1734375 0.01171875 0.01953125
0 0.3375 0.01796875 0.02890625 0.03515625
0 0.46953125 0.178125 0.046875 0.05078125
0 0.5046875 0.01875 0.040625 0.0375
0 0.61484375 0.190625 0.01015625 0.0234375
0 0.309375 0.0203125 0.0296875 0.040625
0 0.80390625 0.03125 0.0390625 0.0625
0 0.571875 0.4 0.01015625 0.01875
0 0.6078125 0.4 0.08828125 0.040625
0 0.44296875 0.46875 0.040625 0.05703125
0 0.34921875 0.46953125 0.0109375 0.0203125
0 0.6359375 0.4859375 0.09609375 0.0546875
0 0.32109375 0.48984375 0.078125 0.06640625
0 0.43125 0.49921875 0.07734375 0.03515625
0 0.61484375 0.50390625 0.0109375 0.01484375
0 0.15859375 0.50703125 0.0125 0.021875
0 0.1359375 0.509375 0.09453125 0.084375
0 0.23671875 0.51953125 0.08046875 0.03515625
0 0.27421875 0.52109375 0.01171875 0.01953125
0 0.496875 0.5765625 0.0640625 0.034375
0 0.46953125 0.58203125 0.00703125 0.01484375
0 0.37109375 0.77109375 0.01015625 0.01796875
0 0.36328125 0.796875 0.0390625 0.07109375
0 0.51875 0.83828125 0.01015625 0.01875
0 0.51953125 0.84921875 0.03203125 0.07421875