0 0.440625 0.1734375 0.0203125 0.03203125
0 0.48046875 0.1859375 0.12890625 0.065625
0 0.378125 0.2953125 0.01171875 0.02421875
0 0.41953125 0.3140625 0.10078125 0.07109375
0 0.309375 0.328125 0.0921875 0.05078125
0 0.2828125 0.3984375 0.015625 0.0296875
0 0.246875 0.403125 0.0125 0.0234375
0 0.31953125 0.4046875 0.115625 0.09453125
0 0.4140625 0.42890625 0.01484375 0.028125
0 0.45 0.43984375 0.13515625 0.08359375
0 0.26640625 0.453125 0.06015625 0.165625
0 0.575 0.5671875 0.1375 0.096875
0 0.36484375 0.578125 0.015625 0.02421875
0 0.5453125 0.58984375 0.0171875 0.0296875
0 0.3296875 0.59921875 0.01328125 0.02890625
0 0.40703125 0.60546875 0.10859375 0.13203125
0 0.340625 0.609375 0.03671875 0.04453125
0 0.6828125 0.6515625 0.1390625 0.0984375
0 0.303125 0.72578125 0.01484375 0.0234375
0 0.3453125 0.7359375 0.11640625 0.08046875
0 0.69453125 0.08125 0.01328125 0.025
0 0.725 0.084375 0.07421875 0.09140625