0 0.36796875 0.009375 0.00859375 0.01640625
0 0.36953125 0.01796875 0.01484375 0.03359375
0 0.5015625 0.22578125 0.02890625 0.07109375
0 0.5015625 0.23359375 0.01015625 0.01875
0 0.34296875 0.02578125 0.00859375 0.015625
0 0.13359375 0.3015625 0.078125 0.08515625
0 0.146875 0.32265625 0.01171875 0.01953125
0 0.34453125 0.034375 0.01953125 0.0390625
0 0.1 0.3984375 0.03046875 0.06328125
0 0.1078125 0.4140625 0.009375 0.01875
0 0.82578125 0.4359375 0.07734375 0.05703125
0 0.8046875 0.44140625 0.009375 0.01875
0 0.946875 0.4765625 0.01015625 0.01640625
0 0.18359375 0.47734375 0.01015625 0.01953125
0 0.95546875 0.48125 0.0625 0.053125
0 0.16171875 0.48125 0.10078125 0.07109375
0 0.8796875 0.48359375 0.0734375 0.0515625
0 0.8609375 0.49296875 0.009375 0.01640625
0 0.7625 0.50703125 0.00859375 0.01484375
0 0.7875 0.515625 0.090625 0.0546875
0 0.5953125 0.05390625 0.0328125 0.08046875
0 0.15625 0.54140625 0.096875 0.04140625
0 0.63125 0.0609375 0.01015625 0.01796875
0 0.60078125 0.06171875 0.0078125 0.0140625
0 0.15 0.0640625 0.0109375 0.02109375
0 0.6296875 0.06875 0.0234375 0.071875
0 0.15390625 0.0703125 0.02421875 0.0390625
0 0.49609375 0.821875 0.03125 0.04921875
0 0.49765625 0.825 0.00859375 0.01640625
0 0.3734375 0.83828125 0.03984375 0.08984375
0 0.36328125 0.853125 0.009375 0.01796875