0 0.56875 0.93359375 0.01328125 0.021875
0 0.5703125 0.93984375 0.0421875 0.05546875
0 0.67109375 0.953125 0.009375 0.015625
0 0.63046875 0.95703125 0.03359375 0.075
0 0.6375 0.97109375 0.01015625 0.01875
0 0.52734375 0.178125 0.03828125 0.1484375
0 0.52890625 0.215625 0.0109375 0.01796875
0 0.55703125 0.6703125 0.04453125 0.06875
0 0.56484375 0.6890625 0.01015625 0.01953125
0 0.60859375 0.7109375 0.04609375 0.075
0 0.62109375 0.7296875 0.009375 0.01640625
0 0.52578125 0.77265625 0.040625 0.096875
0 0.5203125 0.79375 0.01171875 0.0234375
0 0.58046875 0.7953125 0.03046875 0.07578125
0 0.5828125 0.803125 0.01171875 0.01796875
0 0.5640625 0.8875 0.04296875 0.14375
0 0.56484375 0.8984375 0.0125 0.01796875
0 0.646875 0.9109375 0.06015625 0.10546875