0 0.31328125 0.10078125 0.06328125 0.2015625
0 0.0453125 0.38203125 0.08984375 0.07578125
0 0.7234375 0.42734375 0.20859375 0.11015625
0 0.67578125 0.44921875 0.0234375 0.03203125
0 0.22734375 0.49921875 0.01796875 0.03671875
0 0.15234375 0.50390625 0.16640625 0.0734375
0 0.84609375 0.57109375 0.26171875 0.22578125
0 0.79375 0.59140625 0.025 0.04140625
0 0.95859375 0.59921875 0.0828125 0.06640625
0 0.990625 0.60078125 0.01875 0.0390625
0 0.10859375 0.715625 0.02421875 0.04375
0 0.0734375 0.71640625 0.146875 0.0828125