0 0.4328125 0.0984375 0.0796875 0.071875
0 0.83671875 0.0109375 0.015625 0.021875
0 0.35 0.015625 0.0265625 0.03125
0 0.3375 0.1796875 0.01015625 0.02421875
0 0.321875 0.02109375 0.03203125 0.04140625
0 0.3625 0.20859375 0.08984375 0.0859375
0 0.20234375 0.25859375 0.03828125 0.08515625
0 0.246875 0.28125 0.05703125 0.115625
0 0.1671875 0.30703125 0.01015625 0.021875
0 0.1453125 0.31875 0.0859375 0.0984375
0 0.825 0.03203125 0.04375 0.0640625
0 0.315625 0.3671875 0.04609375 0.1140625
0 0.27109375 0.36796875 0.04765625 0.0984375
0 0.22890625 0.4328125 0.01171875 0.01953125
0 0.14375 0.434375 0.0171875 0.046875
0 0.14296875 0.43671875 0.01171875 0.01796875
0 0.23125 0.453125 0.03984375 0.1046875
0 0.18828125 0.46171875 0.009375 0.0203125
0 0.19375 0.4984375 0.02265625 0.1
0 0.478125 0.65390625 0.0125 0.028125
0 0.18984375 0.6859375 0.0125 0.0265625
0 0.21796875 0.71171875 0.07109375 0.11953125
0 0.49140625 0.71953125 0.046875 0.15546875
0 0.41640625 0.08828125 0.009375 0.0234375