0 0.12265625 0.01171875 0.0234375 0.0234375
0 0.39375 0.0234375 0.01796875 0.03046875
0 0.3078125 0.31796875 0.046875 0.11640625
0 0.18359375 0.321875 0.11796875 0.0640625
0 0.11015625 0.3609375 0.01953125 0.02890625
0 0.16015625 0.36875 0.01640625 0.028125
0 0.303125 0.384375 0.01796875 0.034375
0 0.1328125 0.39609375 0.0828125 0.13359375
0 0.16875 0.4015625 0.07734375 0.18671875
0 0.33046875 0.42421875 0.09921875 0.18515625
0 0.14453125 0.04609375 0.06796875 0.09140625
0 0.69609375 0.4734375 0.01796875 0.03046875
0 0.42421875 0.05078125 0.1015625 0.10078125
0 0.7015625 0.51171875 0.10625 0.13515625
0 0.3390625 0.55625 0.04296875 0.103125
0 0.33046875 0.565625 0.01953125 0.03203125
0 0.1328125 0.63203125 0.02109375 0.034375
0 0.1765625 0.70703125 0.10625 0.278125
0 0.28515625 0.80859375 0.01640625 0.03046875
0 0.32578125 0.834375 0.09921875 0.09140625