0 0.5765625 0.309375 0.0109375 0.02578125
0 0.584375 0.309375 0.04296875 0.07890625
0 0.50234375 0.365625 0.01015625 0.01796875
0 0.52890625 0.37109375 0.071875 0.0546875
0 0.625 0.41953125 0.0109375 0.0203125
0 0.63203125 0.421875 0.0625 0.06640625
0 0.5796875 0.46953125 0.0109375 0.01875
0 0.59453125 0.47265625 0.04375 0.065625
0 0.63984375 0.49453125 0.015625 0.02421875
0 0.64609375 0.5015625 0.05078125 0.07109375
0 0.70234375 0.52734375 0.0578125 0.08046875
0 0.7078125 0.54375 0.01015625 0.01953125
0 0.81171875 0.859375 0.08203125 0.065625
0 0.8390625 0.86953125 0.0109375 0.01796875