0 0.66796875 0.17109375 0.0890625 0.06796875
0 0.63125 0.18828125 0.01484375 0.02421875
0 0.36328125 0.42421875 0.10546875 0.03984375
0 0.334375 0.43125 0.01328125 0.02109375
0 0.21640625 0.54609375 0.1109375 0.05546875
0 0.18203125 0.55078125 0.0125 0.01875
0 0.31484375 0.55625 0.10625 0.071875
0 0.60625 0.56640625 0.07890625 0.05703125
0 0.45078125 0.5703125 0.10703125 0.05703125
0 0.284375 0.57109375 0.01171875 0.0203125
0 0.4234375 0.58671875 0.01171875 0.01796875
0 0.62109375 0.671875 0.11796875 0.075
0 0.5890625 0.684375 0.01484375 0.0265625