0 0.7015625 0.17890625 0.01015625 0.0203125
0 0.690625 0.21640625 0.04921875 0.165625
0 0.59296875 0.3515625 0.0125 0.02109375
0 0.5890625 0.36171875 0.03359375 0.08359375
0 0.6859375 0.36875 0.0109375 0.0234375
0 0.70234375 0.3953125 0.09921875 0.09296875
0 0.8109375 0.41171875 0.0109375 0.02109375
0 0.79609375 0.428125 0.04609375 0.0765625
0 0.92109375 0.4453125 0.01171875 0.03359375
0 0.559375 0.4515625 0.02734375 0.0640625
0 0.91328125 0.4515625 0.03828125 0.06484375
0 0.56171875 0.45625 0.0125 0.028125
0 0.75859375 0.52421875 0.03671875 0.09296875
0 0.759375 0.5359375 0.0140625 0.03046875
0 0.5140625 0.5640625 0.07578125 0.13046875
0 0.53984375 0.56640625 0.0109375 0.02890625
0 0.646875 0.60625 0.06953125 0.1046875
0 0.62421875 0.64140625 0.0171875 0.02890625
0 0.84140625 0.70625 0.0125 0.03125
0 0.85234375 0.76875 0.03984375 0.16171875
0 0.70078125 0.81328125 0.0171875 0.021875
0 0.84921875 0.83515625 0.015625 0.028125
0 0.7015625 0.83671875 0.04375 0.1
0 0.83671875 0.846875 0.040625 0.078125
0 0.025 0.91875 0.0484375 0.07421875