0 0.5921875 0.10625 0.01171875 0.0234375
0 0.61171875 0.13515625 0.07578125 0.14609375
0 0.40859375 0.26875 0.0125 0.02109375
0 0.3859375 0.2984375 0.0140625 0.0234375
0 0.43359375 0.30625 0.075 0.121875
0 0.4109375 0.334375 0.08671875 0.10390625
0 0.3109375 0.34140625 0.0109375 0.0265625
0 0.32265625 0.34765625 0.08046875 0.08984375
0 0.23203125 0.37265625 0.0125 0.02109375
0 0.26171875 0.40390625 0.11015625 0.08671875
0 0.49296875 0.44765625 0.0125 0.0234375
0 0.51640625 0.465625 0.09921875 0.1109375
0 0.44140625 0.51015625 0.0109375 0.021875
0 0.46796875 0.5234375 0.08046875 0.096875
0 0.2296875 0.5265625 0.0140625 0.02421875
0 0.26796875 0.55390625 0.090625 0.08125
0 0.56640625 0.79453125 0.09765625 0.08125
0 0.54296875 0.81796875 0.01171875 0.01953125