0 0.4671875 0.165625 0.01328125 0.0203125
0 0.34375 0.0171875 0.0296875 0.034375
0 0.4796875 0.16875 0.06015625 0.05
0 0.83125 0.01875 0.0140625 0.03125
0 0.6 0.2015625 0.10234375 0.05859375
0 0.31328125 0.0203125 0.03203125 0.040625
0 0.57265625 0.2109375 0.01328125 0.0203125
0 0.81875 0.03671875 0.0421875 0.07109375
0 0.528125 0.40703125 0.0828125 0.04453125
0 0.4375 0.446875 0.0125 0.02109375
0 0.45078125 0.446875 0.07421875 0.046875
0 0.353125 0.46015625 0.05703125 0.1296875
0 0.36796875 0.4953125 0.015625 0.03359375
0 0.3203125 0.49765625 0.06953125 0.0546875
0 0.175 0.4984375 0.06796875 0.04921875
0 0.55546875 0.51328125 0.090625 0.05078125
0 0.525 0.51640625 0.01484375 0.03203125
0 0.3046875 0.53671875 0.03046875 0.08515625
0 0.41171875 0.590625 0.08515625 0.04296875
0 0.3859375 0.6 0.00859375 0.0203125
0 0.33359375 0.77109375 0.015625 0.0265625
0 0.35859375 0.7953125 0.09296875 0.0890625
0 0.521875 0.84921875 0.0109375 0.0203125
0 0.534375 0.865625 0.03984375 0.06171875