0 0.3984375 0.18828125 0.11328125 0.16953125
0 0.375 0.23125 0.01171875 0.02578125
0 0.2796875 0.234375 0.0109375 0.0234375
0 0.29375 0.25859375 0.04921875 0.09609375
0 0.38515625 0.434375 0.01328125 0.0234375
0 0.4015625 0.44140625 0.04453125 0.07578125
0 0.23671875 0.47265625 0.03046875 0.09921875
0 0.240625 0.50390625 0.01015625 0.01875
0 0.07421875 0.5109375 0.015625 0.02421875
0 0.0703125 0.51875 0.05859375 0.11953125
0 0.153125 0.54296875 0.07734375 0.06171875
0 0.54609375 0.55234375 0.0578125 0.10625
0 0.35390625 0.55859375 0.0484375 0.06171875
0 0.16640625 0.5609375 0.01484375 0.01875
0 0.234375 0.6453125 0.01328125 0.02578125
0 0.2296875 0.64609375 0.03671875 0.09140625
0 0.43203125 0.684375 0.0578125 0.06484375
0 0.296875 0.7609375 0.01171875 0.02578125
0 0.30078125 0.7640625 0.040625 0.08359375
0 0.446875 0.84921875 0.03828125 0.0734375
0 0.440625 0.87265625 0.01171875 0.02109375