0 0.5546875 0.13828125 0.01171875 0.0203125
0 0.575 0.1640625 0.059375 0.16640625
0 0.47421875 0.2328125 0.08671875 0.13828125
0 0.7203125 0.2390625 0.01796875 0.025
0 0.58125 0.259375 0.04296875 0.11953125
0 0.54375 0.2734375 0.01015625 0.0203125
0 0.25078125 0.2765625 0.01484375 0.0265625
0 0.7484375 0.296875 0.1046875 0.17578125
0 0.5703125 0.309375 0.059375 0.0984375
0 0.221875 0.309375 0.10546875 0.11875
0 0.40703125 0.34140625 0.01484375 0.021875
0 0.3859375 0.38125 0.08984375 0.13671875
0 0.56875 0.42109375 0.01328125 0.02890625
0 0.59921875 0.45625 0.0765625 0.128125
0 0.7203125 0.67109375 0.0109375 0.0265625
0 0.68671875 0.73359375 0.10234375 0.18125
0 0.4515625 0.87890625 0.04609375 0.0734375
0 0.44296875 0.88125 0.01171875 0.02421875