0 0.63046875 0.09453125 0.02265625 0.07109375
0 0.6109375 0.0984375 0.025 0.05859375
0 0.19609375 0.11796875 0.06484375 0.1015625
0 0.21484375 0.13671875 0.01015625 0.01953125
0 0.5140625 0.2359375 0.05859375 0.0859375
0 0.5015625 0.26796875 0.009375 0.01953125
0 0.3765625 0.03046875 0.0109375 0.01875
0 0.378125 0.03515625 0.01796875 0.028125
0 0.25078125 0.37734375 0.09375 0.075
0 0.2765625 0.3828125 0.00859375 0.015625
0 0.21875 0.428125 0.0109375 0.01953125
0 0.184375 0.4359375 0.08046875 0.05390625
0 0.71171875 0.440625 0.08984375 0.03984375
0 0.69296875 0.4421875 0.00703125 0.0140625
0 0.30390625 0.45078125 0.07734375 0.06484375
0 0.340625 0.453125 0.0078125 0.0140625
0 0.35390625 0.046875 0.00859375 0.01484375
0 0.84453125 0.48984375 0.01171875 0.01640625
0 0.7421875 0.49140625 0.0109375 0.015625
0 0.8671875 0.49140625 0.09765625 0.04453125
0 0.6203125 0.49609375 0.00703125 0.01484375
0 0.76484375 0.49609375 0.09609375 0.0515625
0 0.6484375 0.4984375 0.08203125 0.0515625
0 0.3578125 0.0515625 0.02109375 0.0296875
0 0.30234375 0.5390625 0.00703125 0.015625
0 0.27734375 0.54140625 0.09609375 0.04921875
0 0.615625 0.07578125 0.0078125 0.0140625
0 0.6375 0.08203125 0.00859375 0.01953125
0 0.50078125 0.828125 0.009375 0.01640625
0 0.50234375 0.83671875 0.025 0.04140625
0 0.36015625 0.85859375 0.00859375 0.01796875
0 0.3640625 0.8609375 0.03515625 0.071875