0 0.48515625 0.21328125 0.02109375 0.03671875
0 0.48671875 0.21328125 0.00625 0.0109375
0 0.9796875 0.2515625 0.03984375 0.078125
0 0.190625 0.3921875 0.0328125 0.04375
0 0.1890625 0.39375 0.00703125 0.01328125
0 0.19140625 0.44375 0.00859375 0.01171875
0 0.15390625 0.44453125 0.02578125 0.03515625
0 0.19453125 0.44921875 0.03203125 0.046875
0 0.8328125 0.46171875 0.0515625 0.05078125
0 0.82578125 0.46328125 0.00859375 0.01328125
0 0.88828125 0.46328125 0.009375 0.015625
0 0.884375 0.46796875 0.0265625 0.05859375
0 0.2015625 0.5015625 0.02421875 0.04921875
0 0.19765625 0.503125 0.009375 0.01171875
0 0.83125 0.51640625 0.0078125 0.01328125
0 0.82890625 0.5171875 0.0296875 0.0359375
0 0.8859375 0.53046875 0.0640625 0.06015625
0 0.86953125 0.53515625 0.00859375 0.01328125
0 0.50703125 0.840625 0.00703125 0.0140625
0 0.52109375 0.84140625 0.06171875 0.034375
0 0.9671875 0.88125 0.00859375 0.02109375
0 0.98125 0.884375 0.03671875 0.03984375