0 0.19140625 0.09375 0.01015625 0.015625
0 0.37265625 0.01640625 0.0078125 0.01640625
0 0.37578125 0.01953125 0.02109375 0.03046875
0 0.50859375 0.22265625 0.0375 0.0734375
0 0.5015625 0.2515625 0.00859375 0.01875
0 0.35078125 0.03046875 0.00859375 0.01640625
0 0.2109375 0.34140625 0.10078125 0.06015625
0 0.23203125 0.34921875 0.009375 0.01171875
0 0.3546875 0.03828125 0.0171875 0.04296875
0 0.17890625 0.42265625 0.009375 0.01796875
0 0.15546875 0.43125 0.09609375 0.0515625
0 0.753125 0.434375 0.0859375 0.04921875
0 0.73125 0.4390625 0.0078125 0.0140625
0 0.2859375 0.446875 0.0078125 0.01640625
0 0.25 0.46328125 0.07890625 0.05390625
0 0.87421875 0.4734375 0.009375 0.01796875
0 0.8953125 0.4765625 0.09453125 0.0390625
0 0.66875 0.48671875 0.0078125 0.01640625
0 0.77890625 0.49140625 0.009375 0.01640625
0 0.80390625 0.49453125 0.090625 0.03359375
0 0.6953125 0.50078125 0.08359375 0.05078125
0 0.234375 0.5265625 0.09296875 0.04140625
0 0.259375 0.52734375 0.0109375 0.01953125
0 0.634375 0.053125 0.00859375 0.0203125
0 0.17734375 0.06328125 0.06015625 0.084375
0 0.61171875 0.0640625 0.00859375 0.015625
0 0.6296875 0.07734375 0.02109375 0.07109375
0 0.49921875 0.8203125 0.00859375 0.01484375
0 0.4984375 0.8265625 0.03046875 0.04453125
0 0.609375 0.084375 0.02421875 0.07109375
0 0.3578125 0.846875 0.00859375 0.01640625
0 0.36484375 0.84921875 0.034375 0.075