0 0.47421875 0.31875 0.009375 0.01640625
0 0.484375 0.33125 0.00859375 0.01953125
0 0.47109375 0.35390625 0.05078125 0.16328125
0 0.56484375 0.36171875 0.0125 0.01953125
0 0.45 0.37109375 0.06015625 0.121875
0 0.57890625 0.4015625 0.04765625 0.16484375
0 0.3484375 0.41484375 0.0109375 0.0203125
0 0.33125 0.45625 0.06171875 0.15625
0 0.4046875 0.46640625 0.02734375 0.1359375
0 0.48359375 0.48359375 0.01015625 0.0203125
0 0.4875 0.5234375 0.04609375 0.10859375
0 0.43046875 0.54609375 0.08125 0.09375
0 0.40546875 0.55 0.0546875 0.1484375
0 0.37109375 0.67890625 0.0140625 0.0203125
0 0.38828125 0.7140625 0.05546875 0.0953125