0 0.41875 0.103125 0.06640625 0.1203125
0 0.28828125 0.2984375 0.01484375 0.021875
0 0.221875 0.303125 0.0125 0.028125
0 0.11796875 0.309375 0.06328125 0.0953125
0 0.24296875 0.32734375 0.0578125 0.096875
0 0.16328125 0.33203125 0.01640625 0.02578125
0 0.31953125 0.33203125 0.078125 0.09609375
0 0.19296875 0.36796875 0.09921875 0.10703125
0 0.12109375 0.3734375 0.01484375 0.01953125
0 0.15 0.41171875 0.0875 0.11953125
0 0.08359375 0.478125 0.0125 0.025
0 0.2234375 0.47890625 0.0890625 0.1515625
0 0.36015625 0.4859375 0.01328125 0.02109375
0 0.1234375 0.5046875 0.09453125 0.078125
0 0.3125 0.50703125 0.01640625 0.025
0 0.33515625 0.52109375 0.09609375 0.10703125
0 0.36171875 0.53828125 0.04453125 0.140625
0 0.4109375 0.071875 0.01484375 0.02109375
0 0.390625 0.7546875 0.01171875 0.02421875
0 0.43125 0.77890625 0.1078125 0.10625