0 0.40859375 0.31875 0.0890625 0.06796875
0 0.43203125 0.321875 0.01171875 0.01796875
0 0.04921875 0.3453125 0.01328125 0.01875
0 0.0625 0.35703125 0.06796875 0.0546875
0 0.015625 0.36640625 0.03046875 0.05546875
0 0.4890625 0.378125 0.06640625 0.10078125
0 0.515625 0.3828125 0.01171875 0.02109375
0 0.134375 0.3875 0.0578125 0.0640625
0 0.540625 0.40234375 0.0140625 0.01953125
0 0.14765625 0.40390625 0.01171875 0.01953125
0 0.528125 0.43359375 0.04140625 0.1359375
0 0.4875 0.453125 0.0125 0.02109375
0 0.4671875 0.45390625 0.0703125 0.06171875
0 0.028125 0.4609375 0.05625 0.05
0 0.015625 0.46640625 0.01640625 0.01796875
0 0.08125 0.4796875 0.05703125 0.04296875
0 0.06328125 0.48828125 0.01171875 0.01640625