0 0.43984375 0.94453125 0.02890625 0.11015625
0 0.46796875 0.12109375 0.03671875 0.059375
0 0.465625 0.1234375 0.0109375 0.01953125
0 0.45 0.5078125 0.05078125 0.05625
0 0.503125 0.534375 0.06328125 0.07890625
0 0.4234375 0.615625 0.05859375 0.1140625
0 0.50625 0.62421875 0.01328125 0.0203125
0 0.53515625 0.63359375 0.04140625 0.15
0 0.50078125 0.640625 0.03359375 0.08125
0 0.45546875 0.646875 0.04765625 0.06796875
0 0.49453125 0.7265625 0.034375 0.10546875
0 0.4859375 0.82890625 0.01171875 0.01796875
0 0.46484375 0.83203125 0.05546875 0.1046875
0 0.746875 0.890625 0.0546875 0.084375
0 0.16640625 0.9078125 0.0625 0.08046875
0 0.74296875 0.9109375 0.01171875 0.021875