0 0.7453125 0.9390625 0.01171875 0.02578125
0 0.76953125 0.9515625 0.07265625 0.096875
0 0.64375 0.09921875 0.01328125 0.02578125
0 0.7828125 0.11953125 0.0125 0.0265625
0 0.3484375 0.12109375 0.01015625 0.01953125
0 0.353125 0.13125 0.03046875 0.05703125
0 0.9734375 0.13203125 0.05234375 0.06328125
0 0.60625 0.24375 0.09296875 0.1203125
0 0.5890625 0.26640625 0.01328125 0.0234375
0 0.45234375 0.35703125 0.0171875 0.028125
0 0.59140625 0.36015625 0.075 0.18125
0 0.45625 0.37421875 0.04140625 0.103125
0 0.6078125 0.409375 0.01796875 0.0296875
0 0.553125 0.478125 0.0734375 0.16484375
0 0.47734375 0.51640625 0.06640625 0.14453125
0 0.57890625 0.54453125 0.015625 0.02421875
0 0.3078125 0.5625 0.0953125 0.13984375
0 0.37578125 0.05625 0.0125 0.0203125
0 0.53046875 0.5765625 0.059375 0.13828125
0 0.325 0.5890625 0.01875 0.02578125
0 0.59296875 0.06640625 0.01328125 0.028125
0 0.509375 0.69375 0.07890625 0.1109375
0 0.3796875 0.07734375 0.03671875 0.0765625
0 0.79921875 0.08046875 0.07109375 0.12421875
0 0.59375 0.08359375 0.04140625 0.08671875
0 0.640625 0.0921875 0.03984375 0.0765625