0 0.15234375 0.93046875 0.01171875 0.02109375
0 0.4328125 0.09453125 0.03671875 0.04296875
0 0.4703125 0.10390625 0.0328125 0.0640625
0 0.2015625 0.021875 0.046875 0.04375
0 0.4828125 0.36484375 0.0109375 0.01640625
0 0.4703125 0.3671875 0.05078125 0.06953125
0 0.60546875 0.39765625 0.07109375 0.1140625
0 0.57421875 0.4078125 0.01015625 0.01171875
0 0.6296875 0.4140625 0.00859375 0.02109375
0 0.59140625 0.44140625 0.06953125 0.13515625
0 0.16640625 0.05390625 0.00859375 0.01484375
0 0.23671875 0.5390625 0.00859375 0.015625
0 0.2171875 0.56875 0.0953125 0.0953125
0 0.56015625 0.5703125 0.01171875 0.01640625
0 0.53828125 0.578125 0.08046875 0.071875
0 0.20703125 0.06328125 0.00859375 0.01484375
0 0.1734375 0.06796875 0.03125 0.05546875
0 0.21640625 0.08046875 0.03671875 0.071875
0 0.46640625 0.08046875 0.00859375 0.01328125
0 0.4421875 0.0859375 0.00859375 0.01640625
0 0.13828125 0.88984375 0.04765625 0.10546875
0 0.3640625 0.91953125 0.02578125 0.07890625
0 0.36328125 0.92421875 0.00859375 0.01640625