0 0.42109375 0.1265625 0.109375 0.07421875
0 0.46953125 0.13984375 0.01328125 0.02578125
0 0.73671875 0.02734375 0.12109375 0.0546875
0 0.515625 0.41171875 0.01484375 0.028125
0 0.63515625 0.4140625 0.14453125 0.0859375
0 0.6734375 0.421875 0.01484375 0.028125
0 0.9015625 0.43515625 0.128125 0.1109375
0 0.48046875 0.4359375 0.1359375 0.08671875
0 0.77734375 0.00546875 0.0140625 0.01015625
0 0.81796875 0.475 0.01953125 0.03671875
0 0.7875 0.4859375 0.09453125 0.1359375
0 0.6453125 0.5640625 0.01953125 0.03046875
0 0.61875 0.5765625 0.1046875 0.10078125
0 0.725 0.5796875 0.11796875 0.05546875
0 0.759375 0.58203125 0.01640625 0.03359375
0 0.753125 0.065625 0.01484375 0.0234375
0 0.56796875 0.728125 0.015625 0.03203125
0 0.5234375 0.72890625 0.109375 0.06015625
0 0.71796875 0.07734375 0.13359375 0.065625
0 0.94921875 0.78984375 0.01953125 0.03125
0 0.903125 0.83671875 0.11171875 0.128125