0 0.909375 0.92734375 0.08203125 0.07890625
0 0.88046875 0.93125 0.01328125 0.025
0 0.6359375 0.94296875 0.01328125 0.01953125
0 0.659375 0.95625 0.071875 0.06484375
0 0.2375 0.23203125 0.01328125 0.02109375
0 0.2421875 0.23984375 0.02734375 0.0703125
0 0.60234375 0.34140625 0.059375 0.06484375
0 0.62265625 0.3859375 0.06796875 0.040625
0 0.51953125 0.41875 0.01171875 0.01953125
0 0.5453125 0.434375 0.06484375 0.08203125
0 0.65390625 0.44296875 0.05546875 0.0703125
0 0.759375 0.4484375 0.07890625 0.06640625
0 0.621875 0.5046875 0.01015625 0.0203125
0 0.6359375 0.51015625 0.03828125 0.04296875
0 0.6046875 0.56875 0.01171875 0.01640625
0 0.65859375 0.5734375 0.05234375 0.04375
0 0.646875 0.58125 0.009375 0.01796875
0 0.60390625 0.5828125 0.04140625 0.06015625
0 0.72265625 0.63671875 0.08046875 0.08125
0 0.7140625 0.659375 0.01171875 0.0203125
0 0.7078125 0.078125 0.0171875 0.0265625
0 0.740625 0.0859375 0.10859375 0.0453125