0 0.9578125 0.1734375 0.065625 0.06484375
0 0.96640625 0.18046875 0.0125 0.01953125
0 0.53046875 0.33046875 0.065625 0.05390625
0 0.50234375 0.3484375 0.01015625 0.01875
0 0.1984375 0.43359375 0.009375 0.01640625
0 0.34609375 0.43359375 0.11171875 0.05078125
0 0.3109375 0.44609375 0.01171875 0.01875
0 0.234375 0.45703125 0.11171875 0.075
0 0.4859375 0.51484375 0.06796875 0.0515625
0 0.9765625 0.53046875 0.04609375 0.0609375
0 0.99609375 0.5375 0.00703125 0.01953125
0 0.940625 0.57578125 0.03671875 0.09453125
0 0.2078125 0.578125 0.11015625 0.03671875
0 0.178125 0.58046875 0.0109375 0.01953125
0 0.94765625 0.61171875 0.01171875 0.01875
0 0.3703125 0.61953125 0.0109375 0.01484375
0 0.3953125 0.621875 0.07265625 0.0484375
0 0.44765625 0.684375 0.0609375 0.08515625
0 0.9703125 0.70078125 0.05546875 0.04609375
0 0.42421875 0.70078125 0.01015625 0.01640625
0 0.99140625 0.70546875 0.01484375 0.01953125
0 0.7859375 0.90078125 0.08828125 0.04453125
0 0.7625 0.90546875 0.0125 0.01640625