0 0.22265625 0.95625 0.07109375 0.08359375
0 0.6984375 0.96328125 0.08359375 0.04609375
0 0.965625 0.9640625 0.034375 0.053125
0 0.9703125 0.9640625 0.01171875 0.02890625
0 0.72578125 0.978125 0.01015625 0.0109375
0 0.20625 0.98046875 0.01171875 0.0265625
0 0.7703125 0.30625 0.01171875 0.02109375
0 0.759375 0.325 0.03671875 0.071875
0 0.84453125 0.48671875 0.0859375 0.05390625
0 0.83046875 0.49140625 0.0125 0.01953125
0 0.94453125 0.53359375 0.01484375 0.01875
0 0.92578125 0.53515625 0.07890625 0.05703125
0 0.778125 0.57109375 0.03984375 0.04296875
0 0.76953125 0.57578125 0.01015625 0.01796875
0 0.9296875 0.57578125 0.03515625 0.059375
0 0.9375 0.5875 0.015625 0.02109375
0 0.99609375 0.59609375 0.0078125 0.02421875
0 0.99140625 0.60625 0.0171875 0.046875
0 0.975 0.6265625 0.0265625 0.0640625
0 0.7625 0.6296875 0.05390625 0.0796875
0 0.803125 0.63515625 0.0546875 0.0703125
0 0.79921875 0.63671875 0.01015625 0.01875
0 0.74921875 0.6375 0.0109375 0.01953125
0 0.98046875 0.640625 0.01328125 0.02109375