0 0.32578125 0.11796875 0.0546875 0.2359375
0 0.31484375 0.0140625 0.02109375 0.028125
0 0.009375 0.38125 0.01796875 0.03125
0 0.03359375 0.3875 0.065625 0.04921875
0 0.790625 0.40078125 0.19921875 0.1
0 0.734375 0.4109375 0.01640625 0.03125
0 0.12421875 0.478125 0.01875 0.034375
0 0.109375 0.4859375 0.13125 0.0703125
0 0.865625 0.49453125 0.22578125 0.1453125
0 0.809375 0.5140625 0.0203125 0.03515625
0 0.965625 0.55546875 0.01953125 0.03046875
0 0.95234375 0.5625 0.09453125 0.08203125
0 0.0546875 0.65703125 0.109375 0.078125
0 0.04609375 0.659375 0.0234375 0.03515625