0 0.61640625 0.96171875 0.01015625 0.0140625
0 0.64375 0.96875 0.09609375 0.04609375
0 0.62421875 0.39609375 0.10390625 0.08359375
0 0.5953125 0.4140625 0.01015625 0.01640625
0 0.77109375 0.43203125 0.01328125 0.01953125
0 0.78359375 0.44453125 0.08359375 0.0734375
0 0.91328125 0.446875 0.040625 0.0734375
0 0.91171875 0.45390625 0.01328125 0.025
0 0.7578125 0.4828125 0.00859375 0.01953125
0 0.7625 0.49375 0.03359375 0.05390625
0 0.84453125 0.521875 0.0109375 0.01796875
0 0.834375 0.53203125 0.05234375 0.08203125
0 0.72734375 0.59921875 0.01015625 0.021875
0 0.8921875 0.59921875 0.0328125 0.04921875
0 0.74765625 0.6109375 0.09921875 0.059375
0 0.90234375 0.6140625 0.01015625 0.01796875
0 0.903125 0.66953125 0.01015625 0.0234375
0 0.88671875 0.6796875 0.04765625 0.071875
0 0.65234375 0.80390625 0.034375 0.06953125
0 0.653125 0.81875 0.01015625 0.01796875