0 0.35703125 0.11171875 0.12265625 0.09140625
0 0.590625 0.12734375 0.01171875 0.02890625
0 0.98515625 0.16640625 0.0296875 0.09375
0 0.67890625 0.17109375 0.0171875 0.025
0 0.98984375 0.17421875 0.01640625 0.025
0 0.5609375 0.1765625 0.103125 0.13046875
0 0.45 0.2 0.01171875 0.0203125
0 0.7078125 0.203125 0.08671875 0.16953125
0 0.41796875 0.2140625 0.128125 0.06484375
0 0.9 0.34609375 0.1109375 0.06953125
0 0.33515625 0.35078125 0.1125 0.06015625
0 0.3859375 0.36640625 0.01171875 0.02578125
0 0.3390625 0.39375 0.00078125 0.00390625
0 0.50703125 0.60859375 0.01484375 0.028125
0 0.48359375 0.6484375 0.109375 0.1546875
0 0.6046875 0.84140625 0.05234375 0.15859375
0 0.38671875 0.0859375 0.0125 0.02109375
0 0.6140625 0.9015625 0.01796875 0.02890625