0 0.709375 0.14140625 0.02109375 0.03359375
0 0.67578125 0.16640625 0.11796875 0.10078125
0 0.596875 0.26953125 0.1328125 0.08984375
0 0.64609375 0.28046875 0.01796875 0.02890625
0 0.79296875 0.34140625 0.01328125 0.02109375
0 0.75859375 0.34140625 0.1 0.08515625
0 0.8296875 0.41796875 0.07265625 0.13984375
0 0.59765625 0.4375 0.01484375 0.02890625
0 0.6765625 0.4390625 0.0203125 0.028125
0 0.66796875 0.4484375 0.040625 0.06640625
0 0.5640625 0.484375 0.11796875 0.20546875
0 0.70390625 0.49375 0.15078125 0.08203125
0 0.75703125 0.51171875 0.015625 0.025
0 0.6 0.525 0.01484375 0.02578125
0 0.61953125 0.54296875 0.09296875 0.1015625
0 0.634375 0.59453125 0.0140625 0.03203125
0 0.61328125 0.6109375 0.07578125 0.08671875
0 0.51796875 0.640625 0.02109375 0.0359375
0 0.54453125 0.69140625 0.1 0.134375
0 0.97578125 0.84140625 0.02265625 0.0359375
0 0.9375 0.871875 0.10703125 0.13125