0 0.48046875 0.93359375 0.03203125 0.07421875
0 0.47890625 0.94921875 0.01015625 0.01875
0 0.428125 0.95625 0.03671875 0.0546875
0 0.42421875 0.97109375 0.00859375 0.02109375
0 0.73125 0.40078125 0.01484375 0.01953125
0 0.33671875 0.40546875 0.01015625 0.015625
0 0.31328125 0.409375 0.08515625 0.04140625
0 0.753125 0.41171875 0.10703125 0.0515625
0 0.4796875 0.4765625 0.01171875 0.01953125
0 0.540625 0.48984375 0.09296875 0.05546875
0 0.18046875 0.49375 0.01328125 0.0203125
0 0.15 0.4953125 0.11484375 0.05703125
0 0.459375 0.496875 0.07578125 0.0734375
0 0.50390625 0.5015625 0.01328125 0.02109375
0 0.575 0.5484375 0.0984375 0.071875
0 0.55 0.56640625 0.01328125 0.0234375
0 0.73515625 0.56796875 0.0125 0.01953125
0 0.765625 0.5765625 0.128125 0.071875
0 0.2296875 0.584375 0.09921875 0.04609375
0 0.27109375 0.58515625 0.0125 0.0203125