0 0.4375 0.0140625 0.015625 0.028125
0 0.16015625 0.3078125 0.1625 0.18046875
0 0.2046875 0.34453125 0.01796875 0.03828125
0 0.11953125 0.38359375 0.11328125 0.25546875
0 0.2421875 0.44375 0.1375 0.18046875
0 0.4453125 0.04453125 0.03203125 0.0890625
0 0.12890625 0.4484375 0.021875 0.02890625
0 0.278125 0.47421875 0.0171875 0.03515625
0 0.43515625 0.47890625 0.1203125 0.221875
0 0.2296875 0.50703125 0.11640625 0.171875
0 0.25234375 0.54453125 0.01875 0.03359375
0 0.46875 0.54921875 0.0171875 0.034375
0 0.6921875 0.55703125 0.01484375 0.034375
0 0.68828125 0.57109375 0.07578125 0.18984375
0 0.4171875 0.64609375 0.09375 0.13359375
0 0.35625 0.6609375 0.07109375 0.10859375
0 0.37890625 0.67265625 0.0171875 0.03203125
0 0.35546875 0.83125 0.13203125 0.22578125
0 0.3953125 0.903125 0.01953125 0.0359375