0 0.721875 0.14921875 0.07578125 0.12578125
0 0.73984375 0.178125 0.0140625 0.02421875
0 0.684375 0.278125 0.10234375 0.16171875
0 0.85703125 0.28046875 0.0734375 0.13359375
0 0.65859375 0.28125 0.03671875 0.153125
0 0.6578125 0.29609375 0.0140625 0.02890625
0 0.72421875 0.30859375 0.01171875 0.025
0 0.82578125 0.3234375 0.08671875 0.11640625
0 0.8859375 0.3265625 0.01328125 0.03046875
0 0.6953125 0.3328125 0.06796875 0.11015625
0 0.65078125 0.346875 0.01171875 0.01953125
0 0.85078125 0.36015625 0.01328125 0.02421875
0 0.803125 0.43671875 0.11015625 0.0984375
0 0.6390625 0.54140625 0.05 0.0859375
0 0.65625 0.55859375 0.0140625 0.025
0 0.9796875 0.5734375 0.01640625 0.03125
0 0.96484375 0.57890625 0.06953125 0.10625