0 0.478125 0.9421875 0.03203125 0.08828125
0 0.4765625 0.97109375 0.01015625 0.01953125
0 0.9328125 0.4140625 0.12265625 0.059375
0 0.9046875 0.41953125 0.01171875 0.01875
0 0.2171875 0.4265625 0.0125 0.01875
0 0.1859375 0.42890625 0.11875 0.05078125
0 0.7359375 0.49765625 0.10859375 0.05859375
0 0.70859375 0.50703125 0.01484375 0.01953125
0 0.03515625 0.50703125 0.06953125 0.040625
0 0.0359375 0.50859375 0.0140625 0.01796875
0 0.28984375 0.52890625 0.11640625 0.04140625
0 0.32109375 0.5359375 0.01171875 0.0203125
0 0.77578125 0.5984375 0.01328125 0.0203125
0 0.21796875 0.60078125 0.01328125 0.02421875
0 0.8015625 0.60390625 0.12890625 0.07890625
0 0.18359375 0.60390625 0.12265625 0.04140625
0 0.8875 0.621875 0.01015625 0.021875
0 0.9203125 0.6421875 0.11640625 0.10625