0 0.4625 0.15546875 0.09140625 0.065625
0 0.26328125 0.18125 0.01015625 0.02109375
0 0.73984375 0.01953125 0.01484375 0.03046875
0 0.23515625 0.19609375 0.11171875 0.053125
0 0.30625 0.215625 0.0140625 0.021875
0 0.38203125 0.228125 0.0875 0.0703125
0 0.28203125 0.23125 0.09296875 0.06484375
0 0.41328125 0.23359375 0.01171875 0.0265625
0 0.3859375 0.02578125 0.0125 0.02578125
0 0.16875 0.265625 0.07734375 0.06015625
0 0.2 0.26640625 0.01171875 0.02578125
0 0.36328125 0.028125 0.08984375 0.05078125
0 0.734375 0.03046875 0.03515625 0.06015625
0 0.31171875 0.32890625 0.01015625 0.021875
0 0.2828125 0.33046875 0.078125 0.0609375
0 0.15234375 0.39765625 0.0140625 0.03203125
0 0.128125 0.40390625 0.11015625 0.053125
0 0.4359375 0.58359375 0.1078125 0.06171875
0 0.24140625 0.0609375 0.10078125 0.0515625
0 0.15234375 0.625 0.01171875 0.021875
0 0.1296875 0.6328125 0.0953125 0.0453125
0 0.2625 0.065625 0.01484375 0.0234375