0 0.43671875 0.95078125 0.02734375 0.0984375
0 0.46171875 0.1234375 0.028125 0.05
0 0.45703125 0.13359375 0.01171875 0.02109375
0 0.39140625 0.453125 0.0625 0.053125
0 0.42890625 0.4671875 0.05 0.08984375
0 0.47109375 0.48203125 0.009375 0.021875
0 0.484375 0.52421875 0.06484375 0.121875
0 0.39296875 0.52578125 0.009375 0.01875
0 0.51796875 0.5359375 0.0421875 0.0890625
0 0.4125 0.5546875 0.08359375 0.08125
0 0.42421875 0.6078125 0.01015625 0.01796875
0 0.44453125 0.61953125 0.09140625 0.06484375
0 0.44609375 0.6515625 0.01171875 0.0203125
0 0.46328125 0.67578125 0.05859375 0.0765625
0 0.45390625 0.81640625 0.00859375 0.01953125
0 0.45546875 0.834375 0.03984375 0.09375
0 0.73125 0.89140625 0.03828125 0.078125
0 0.1671875 0.91328125 0.07578125 0.07578125
0 0.73125 0.91796875 0.009375 0.01796875
0 0.15859375 0.9234375 0.0125 0.028125