0 0.22421875 0.9328125 0.0203125 0.03828125
0 0.26875 0.95078125 0.11484375 0.08359375
0 0.15546875 0.10703125 0.01953125 0.034375
0 0.18203125 0.159375 0.01796875 0.02578125
0 0.3171875 0.16484375 0.01640625 0.03359375
0 0.15390625 0.20078125 0.071875 0.22421875
0 0.34765625 0.209375 0.0875 0.20625
0 0.1828125 0.234375 0.05390625 0.18984375
0 0.25390625 0.26171875 0.01953125 0.03203125
0 0.303125 0.26796875 0.02109375 0.03046875
0 0.26015625 0.32421875 0.05234375 0.16171875
0 0.30390625 0.33125 0.04921875 0.16015625
0 0.2203125 0.33671875 0.01953125 0.03125
0 0.24765625 0.3984375 0.10859375 0.2734375
0 0.37578125 0.05234375 0.09375 0.10078125
0 0.184375 0.54140625 0.01484375 0.02578125
0 0.24375 0.54609375 0.02265625 0.03359375
0 0.2640625 0.56953125 0.0640625 0.13515625
0 0.19453125 0.6015625 0.05546875 0.20703125
0 0.8125 0.76171875 0.02109375 0.03515625
0 0.35703125 0.81875 0.10234375 0.18359375
0 0.82734375 0.85625 0.05703125 0.22578125