0 0.64609375 0.940625 0.01640625 0.03125
0 0.40234375 0.1421875 0.01953125 0.04375
0 0.62734375 0.14609375 0.16875 0.18828125
0 0.3421875 0.1765625 0.14140625 0.159375
0 0.3796875 0.27421875 0.1671875 0.20078125
0 0.4703125 0.309375 0.07109375 0.109375
0 0.34296875 0.334375 0.021875 0.04609375
0 0.4453125 0.33984375 0.01953125 0.03671875
0 0.58984375 0.4265625 0.06328125 0.184375
0 0.3640625 0.4359375 0.12890625 0.11640625
0 0.47265625 0.44609375 0.02578125 0.03671875
0 0.58515625 0.49375 0.0234375 0.0390625
0 0.51953125 0.50390625 0.14609375 0.209375
0 0.41171875 0.5203125 0.01953125 0.040625
0 0.43203125 0.5359375 0.10703125 0.134375
0 0.69140625 0.6015625 0.2 0.09921875
0 0.63671875 0.61796875 0.01953125 0.034375
0 0.58125 0.07890625 0.02578125 0.04140625
0 0.50234375 0.85625 0.12265625 0.08984375
0 0.48828125 0.86328125 0.021875 0.03671875
0 0.690625 0.909375 0.14765625 0.18046875