0 0.6578125 0.11796875 0.04140625 0.10546875
0 0.659375 0.12265625 0.00859375 0.02109375
0 0.73671875 0.20546875 0.04609375 0.09375
0 0.753125 0.21640625 0.0109375 0.01875
0 0.69921875 0.40078125 0.0109375 0.02109375
0 0.69296875 0.40546875 0.03125 0.05390625
0 0.66953125 0.43203125 0.01015625 0.0140625
0 0.60234375 0.43203125 0.01015625 0.01875
0 0.66484375 0.43203125 0.028125 0.05390625
0 0.5953125 0.4453125 0.03359375 0.071875
0 0.62421875 0.4453125 0.0078125 0.01328125
0 0.62109375 0.45390625 0.025 0.0890625
0 0.61015625 0.5171875 0.00859375 0.015625
0 0.6140625 0.51953125 0.0296875 0.06875
0 0.64609375 0.52421875 0.009375 0.015625
0 0.63671875 0.534375 0.03203125 0.05625
0 0.6875 0.553125 0.02890625 0.05390625
0 0.6921875 0.55546875 0.01171875 0.01796875
0 0.53984375 0.56640625 0.03671875 0.05546875
0 0.53671875 0.5703125 0.01015625 0.01875
0 0.80859375 0.62109375 0.05234375 0.06484375
0 0.82578125 0.63046875 0.01171875 0.015625
0 0.4640625 0.64375 0.02578125 0.0703125
0 0.46015625 0.65703125 0.00859375 0.015625