0 0.5703125 0.953125 0.05 0.09375
0 0.93828125 0.0984375 0.04296875 0.09609375
0 0.4765625 0.1078125 0.03671875 0.08984375
0 0.225 0.1140625 0.01640625 0.02890625
0 0.5390625 0.015625 0.01484375 0.02890625
0 0.2328125 0.0203125 0.015625 0.02578125
0 0.2484375 0.02578125 0.0546875 0.05078125
0 0.6078125 0.31796875 0.01484375 0.03359375
0 0.5984375 0.3484375 0.07265625 0.14140625
0 0.43515625 0.45625 0.01328125 0.0296875
0 0.47109375 0.471875 0.10234375 0.11640625
0 0.53203125 0.05859375 0.0640625 0.1171875
0 0.340625 0.5984375 0.0359375 0.153125
0 0.4015625 0.6109375 0.01171875 0.02578125
0 0.53046875 0.61953125 0.01328125 0.028125
0 0.36171875 0.63828125 0.07578125 0.14140625
0 0.41640625 0.64921875 0.075 0.15625
0 0.54609375 0.66171875 0.08828125 0.1484375
0 0.46953125 0.6734375 0.09140625 0.1046875
0 0.20703125 0.07109375 0.08046875 0.14140625
0 0.471875 0.0765625 0.01328125 0.02578125
0 0.9484375 0.07734375 0.01640625 0.034375
0 0.62265625 0.79453125 0.02109375 0.05078125
0 0.621875 0.79921875 0.0109375 0.0234375
0 0.74765625 0.80546875 0.01796875 0.03046875
0 0.74921875 0.86875 0.05234375 0.246875
0 0.55390625 0.92109375 0.015625 0.0296875