0 0.7578125 0.2515625 0.08359375 0.10859375
0 0.75 0.27265625 0.0109375 0.0234375
0 0.77578125 0.34609375 0.06484375 0.08515625
0 0.98203125 0.03515625 0.01328125 0.02421875
0 0.75078125 0.375 0.01171875 0.01875
0 0.7125 0.446875 0.05390625 0.06953125
0 0.728125 0.45234375 0.0109375 0.0234375
0 0.975 0.4640625 0.05 0.12578125
0 0.88125 0.46875 0.07890625 0.09453125
0 0.890625 0.48125 0.01328125 0.02109375
0 0.96796875 0.0484375 0.04765625 0.096875
0 0.67421875 0.75390625 0.0125 0.0234375
0 0.66171875 0.75625 0.0625 0.065625