0 0.6375 0.1546875 0.01015625 0.021875
0 0.66796875 0.16171875 0.10859375 0.05703125
0 0.734375 0.3890625 0.01171875 0.0203125
0 0.60078125 0.396875 0.08828125 0.05703125
0 0.75625 0.4046875 0.103125 0.10703125
0 0.68671875 0.4265625 0.01328125 0.01953125
0 0.60390625 0.44296875 0.01171875 0.0203125
0 0.69765625 0.45625 0.065625 0.11015625
0 0.7625 0.46171875 0.07421875 0.05078125
0 0.621875 0.465625 0.08828125 0.08828125
0 0.54375 0.48671875 0.01015625 0.01953125
0 0.57109375 0.4875 0.103125 0.04921875
0 0.68046875 0.53359375 0.0125 0.01875
0 0.68828125 0.5375 0.0875 0.06171875
0 0.590625 0.5640625 0.0140625 0.02109375
0 0.6078125 0.5828125 0.09609375 0.0734375
0 0.59609375 0.68359375 0.01171875 0.02421875
0 0.615625 0.68828125 0.08984375 0.0765625
0 0.7328125 0.90390625 0.01171875 0.0203125
0 0.75 0.9078125 0.08359375 0.0765625