0 0.46484375 0.934375 0.01171875 0.02578125
0 0.4609375 0.953125 0.05078125 0.07109375
0 0.49375 0.13984375 0.04609375 0.0609375
0 0.50390625 0.13984375 0.01328125 0.02421875
0 0.01953125 0.3734375 0.0390625 0.0484375
0 0.01484375 0.37421875 0.01171875 0.01875
0 0.89375 0.3796875 0.0140625 0.02421875
0 0.91875 0.3859375 0.10234375 0.05546875
0 0.12265625 0.40625 0.10546875 0.08828125
0 0.1484375 0.41171875 0.0125 0.0203125
0 0.9984375 0.41875 0.00234375 0.015625
0 0.9875 0.421875 0.02421875 0.02109375
0 0.01171875 0.4671875 0.0234375 0.04375
0 0.99375 0.46875 0.01171875 0.01796875
0 0.98359375 0.46953125 0.0328125 0.0453125
0 0.909375 0.48671875 0.10859375 0.046875
0 0.8796875 0.490625 0.0140625 0.015625
0 0.078125 0.50546875 0.11015625 0.0390625
0 0.1078125 0.50625 0.00703125 0.01328125
0 0.02265625 0.54375 0.01015625 0.02109375
0 0.0265625 0.54296875 0.053125 0.0421875
0 0.9859375 0.55 0.028125 0.03125
0 0.9953125 0.55 0.009375 0.01875
0 0.9015625 0.55390625 0.10078125 0.0484375
0 0.8765625 0.5609375 0.0109375 0.01796875
0 0.06953125 0.5890625 0.10078125 0.05
0 0.0921875 0.58984375 0.01328125 0.0203125
0 0.4875 0.70546875 0.03515625 0.1296875
0 0.47890625 0.7578125 0.009375 0.02109375