0 0.80078125 0.96640625 0.03515625 0.053125
0 0.46796875 0.21328125 0.01875 0.03125
0 0.60234375 0.25078125 0.02109375 0.0296875
0 0.46953125 0.271875 0.04453125 0.1515625
0 0.59609375 0.3046875 0.12265625 0.13515625
0 0.21484375 0.38984375 0.02109375 0.0484375
0 0.2171875 0.4265625 0.0671875 0.1265625
0 0.42578125 0.44140625 0.02421875 0.05390625
0 0.0328125 0.44296875 0.021875 0.04296875
0 0.278125 0.48828125 0.02734375 0.05546875
0 0.4328125 0.50546875 0.1296875 0.18203125
0 0.05390625 0.52890625 0.09140625 0.26796875
0 0.2796875 0.5890625 0.115625 0.253125
0 0.79296875 0.85390625 0.07890625 0.29140625