0 0.63984375 0.4859375 0.0578125 0.11796875
0 0.6453125 0.5171875 0.01640625 0.03046875
0 0.5125 0.5515625 0.1234375 0.11015625
0 0.61640625 0.58203125 0.01640625 0.028125
0 0.4234375 0.6203125 0.12734375 0.14453125
0 0.62109375 0.621875 0.04296875 0.209375
0 0.675 0.6484375 0.08828125 0.14453125
0 0.37578125 0.67578125 0.01328125 0.03359375
0 0.78671875 0.72109375 0.0734375 0.1484375
0 0.79140625 0.7359375 0.015625 0.0296875
0 0.715625 0.73984375 0.0109375 0.02578125
0 0.60703125 0.753125 0.06328125 0.14296875
0 0.6703125 0.76640625 0.10546875 0.1046875
0 0.59375 0.79765625 0.0140625 0.03046875