0 0.28359375 0.97734375 0.0265625 0.0453125
0 0.509375 0.978125 0.040625 0.04375
0 0.37109375 0.33359375 0.015625 0.02421875
0 0.37265625 0.03671875 0.0125 0.03203125
0 0.90859375 0.39375 0.05859375 0.09140625
0 0.371875 0.4078125 0.03671875 0.17109375
0 0.90625 0.4109375 0.01484375 0.028125
0 0.37578125 0.04296875 0.028125 0.08125
0 0.92734375 0.47578125 0.01640625 0.0234375
0 0.9234375 0.47890625 0.05078125 0.06875
0 0.96171875 0.51796875 0.03671875 0.08125
0 0.96796875 0.52578125 0.01484375 0.01875