0 0.43828125 0.95390625 0.009375 0.0140625
0 0.45859375 0.95546875 0.08359375 0.0359375
0 0.4859375 0.1765625 0.01015625 0.015625
0 0.48359375 0.18984375 0.02578125 0.04609375
0 0.10625 0.4 0.0296875 0.05546875
0 0.103125 0.40078125 0.009375 0.0203125
0 0.10859375 0.47109375 0.009375 0.01640625
0 0.04921875 0.471875 0.01015625 0.01484375
0 0.06171875 0.47578125 0.03515625 0.04453125
0 0.11640625 0.4765625 0.03359375 0.053125
0 0.9 0.48125 0.01015625 0.01640625
0 0.9109375 0.48125 0.0640625 0.08359375
0 0.98046875 0.49375 0.009375 0.01875
0 0.97265625 0.496875 0.03046875 0.10390625
0 0.90625 0.56328125 0.0328125 0.08984375
0 0.9109375 0.56640625 0.01015625 0.015625
0 0.965625 0.56953125 0.0671875 0.0609375
0 0.11171875 0.571875 0.01171875 0.015625
0 0.9515625 0.575 0.01171875 0.01640625
0 0.1203125 0.575 0.03984375 0.08359375