0 0.4578125 0.15625 0.015625 0.03671875
0 0.4625 0.16640625 0.0828125 0.140625
0 0.5078125 0.28203125 0.1203125 0.15703125
0 0.55546875 0.30390625 0.01640625 0.03046875
0 0.3515625 0.3265625 0.015625 0.03046875
0 0.35546875 0.33359375 0.034375 0.06640625
0 0.3640625 0.4140625 0.01796875 0.03125
0 0.31640625 0.43125 0.13046875 0.10859375
0 0.2015625 0.4734375 0.07109375 0.12109375
0 0.3203125 0.50625 0.09140625 0.08359375
0 0.19296875 0.51875 0.02109375 0.0265625
0 0.3375 0.52890625 0.01796875 0.03359375
0 0.303125 0.54140625 0.0140625 0.02421875
0 0.42734375 0.56953125 0.09921875 0.1296875
0 0.29921875 0.615625 0.0703125 0.17578125
0 0.61171875 0.7015625 0.01640625 0.03125
0 0.63046875 0.7921875 0.0765625 0.21796875
0 0.03203125 0.9109375 0.06328125 0.0796875
0 0.0546875 0.91640625 0.0171875 0.0296875