0 0.89609375 0.253125 0.009375 0.01171875
0 0.9015625 0.26328125 0.0265625 0.046875
0 0.08671875 0.2671875 0.0234375 0.065625
0 0.08359375 0.28046875 0.00546875 0.0109375
0 0.24296875 0.39921875 0.00703125 0.009375
0 0.24375 0.39921875 0.0234375 0.03828125
0 0.953125 0.415625 0.0296875 0.053125
0 0.9609375 0.428125 0.0078125 0.009375
0 0.24921875 0.4375 0.00625 0.01015625
0 0.21171875 0.43984375 0.00625 0.0109375
0 0.2171875 0.44140625 0.01796875 0.03046875
0 0.25234375 0.44296875 0.01875 0.03125
0 0.76796875 0.45703125 0.00703125 0.0109375
0 0.7765625 0.4578125 0.04296875 0.0453125
0 0.8171875 0.4609375 0.02265625 0.040625
0 0.81875 0.4609375 0.00703125 0.01328125
0 0.25625 0.48828125 0.0234375 0.03046875
0 0.2484375 0.49296875 0.00546875 0.01328125
0 0.77421875 0.5015625 0.00625 0.0109375
0 0.8203125 0.50546875 0.00703125 0.0109375
0 0.77421875 0.5109375 0.01640625 0.065625
0 0.82734375 0.5125 0.02109375 0.03203125
0 0.55546875 0.76796875 0.05078125 0.021875
0 0.54296875 0.76875 0.0078125 0.009375
0 0.909375 0.81484375 0.05703125 0.059375