0 0.4390625 0.1640625 0.00859375 0.01796875
0 0.44609375 0.184375 0.028125 0.08828125
0 0.0140625 0.39921875 0.0109375 0.021875
0 0.02890625 0.40703125 0.05234375 0.05
0 0.9953125 0.42109375 0.00859375 0.0234375
0 0.97421875 0.42734375 0.0515625 0.0640625
0 0.05625 0.46796875 0.04765625 0.0703125
0 0.009375 0.47890625 0.01875 0.03671875
0 0.04296875 0.4796875 0.01171875 0.01640625
0 0.97578125 0.52265625 0.04765625 0.06796875
0 0.99453125 0.53515625 0.01015625 0.01875
0 0.03671875 0.5375 0.0484375 0.0453125
0 0.02421875 0.5390625 0.01171875 0.01875