0 0.153125 0.92734375 0.01171875 0.025
0 0.81875 0.95390625 0.08828125 0.08984375
0 0.47890625 0.32890625 0.01171875 0.01796875
0 0.47109375 0.3359375 0.03515625 0.15625
0 0.48203125 0.478125 0.125 0.06875
0 0.44609375 0.49296875 0.0109375 0.021875
0 0.559375 0.57890625 0.01015625 0.01796875
0 0.56484375 0.5828125 0.03984375 0.0765625
0 0.81875 0.60859375 0.05703125 0.06875
0 0.8265625 0.62890625 0.01328125 0.01953125
0 0.63671875 0.65078125 0.11328125 0.05703125
0 0.6046875 0.65546875 0.01328125 0.021875
0 0.8234375 0.70234375 0.09296875 0.134375
0 0.85390625 0.71640625 0.0125 0.0296875
0 0.678125 0.759375 0.08828125 0.05390625
0 0.803125 0.8203125 0.10859375 0.15
0 0.76640625 0.8359375 0.05625 0.096875
0 0.8328125 0.84765625 0.01328125 0.0265625
0 0.78359375 0.8578125 0.01484375 0.025
0 0.5984375 0.8640625 0.0625 0.065625
0 0.57734375 0.87890625 0.01171875 0.025
0 0.159375 0.92421875 0.05234375 0.08828125