0 0.3578125 0.01015625 0.0140625 0.0203125
0 0.36015625 0.178125 0.01484375 0.02890625
0 0.36328125 0.025 0.034375 0.05
0 0.3609375 0.259375 0.04609375 0.2203125
0 0.8578125 0.39921875 0.13671875 0.071875
0 0.81796875 0.40234375 0.01796875 0.0234375
0 0.98515625 0.4359375 0.0296875 0.0296875
0 0.8734375 0.46484375 0.159375 0.05703125
0 0.8359375 0.4734375 0.0140625 0.02421875
0 0.03046875 0.48515625 0.01796875 0.028125
0 0.03828125 0.48828125 0.07265625 0.06015625
0 0.9390625 0.5484375 0.121875 0.06328125
0 0.91953125 0.553125 0.015625 0.02578125
0 0.01484375 0.61328125 0.01875 0.0296875
0 0.0171875 0.621875 0.03359375 0.06171875