0 0.5234375 0.13984375 0.06953125 0.09296875
0 0.54921875 0.15078125 0.01484375 0.03203125
0 0.37890625 0.35 0.11328125 0.08515625
0 0.45078125 0.359375 0.06640625 0.096875
0 0.41171875 0.36015625 0.015625 0.02578125
0 0.47890625 0.37734375 0.01171875 0.025
0 0.98046875 0.41953125 0.0390625 0.0484375
0 0.8625 0.471875 0.08515625 0.10390625
0 0.31328125 0.48515625 0.06953125 0.07421875
0 0.33046875 0.49296875 0.015625 0.025
0 0.41015625 0.51875 0.11328125 0.09140625
0 0.64921875 0.5234375 0.04140625 0.12578125
0 0.43671875 0.54609375 0.01640625 0.0234375
0 0.64296875 0.546875 0.0109375 0.015625
0 0.559375 0.55234375 0.071875 0.14921875
0 0.7359375 0.56875 0.08828125 0.07890625
0 0.584375 0.5875 0.0109375 0.03046875
0 0.7140625 0.596875 0.0109375 0.01953125
0 0.51171875 0.6109375 0.09453125 0.084375
0 0.5328125 0.6265625 0.01328125 0.0203125
0 0.5109375 0.84453125 0.0203125 0.03203125
0 0.50703125 0.86796875 0.03515625 0.09609375