0 0.48984375 0.1140625 0.05390625 0.065625
0 0.49296875 0.1265625 0.01015625 0.02109375
0 0.671875 0.2984375 0.01171875 0.015625
0 0.6859375 0.303125 0.06796875 0.05
0 0.184375 0.303125 0.10078125 0.06875
0 0.20703125 0.31640625 0.01015625 0.01796875
0 0.3171875 0.34296875 0.08671875 0.046875
0 0.75859375 0.36171875 0.10546875 0.046875
0 0.7328125 0.36640625 0.0125 0.01953125
0 0.17890625 0.40703125 0.11484375 0.05546875
0 0.2046875 0.41015625 0.01171875 0.01875
0 0.60078125 0.4140625 0.09296875 0.0390625
0 0.58046875 0.41796875 0.01171875 0.01640625
0 0.84453125 0.43984375 0.00859375 0.01875
0 0.87890625 0.44140625 0.08359375 0.06875
0 0.3375 0.44296875 0.05859375 0.05
0 0.1890625 0.4546875 0.08671875 0.04453125
0 0.2203125 0.4578125 0.01171875 0.01796875
0 0.8 0.4640625 0.10390625 0.04609375
0 0.77421875 0.47109375 0.01171875 0.021875
0 0.6296875 0.49375 0.08671875 0.05078125
0 0.6125 0.5046875 0.00859375 0.01875
0 0.33046875 0.50625 0.0765625 0.040625
0 0.49453125 0.65234375 0.01171875 0.0140625
0 0.49921875 0.67734375 0.05546875 0.065625
0 0.59453125 0.86953125 0.075 0.0609375
0 0.5828125 0.88046875 0.01484375 0.02109375