0 0.43984375 0.4265625 0.028125 0.0453125
0 0.903125 0.5109375 0.07265625 0.3640625
0 0.88046875 0.59609375 0.021875 0.04375
0 0.73203125 0.63046875 0.1765625 0.18671875
0 0.45234375 0.665625 0.046875 0.28203125
0 0.4921875 0.665625 0.07578125 0.275
0 0.1640625 0.66875 0.15859375 0.3296875
0 0.6703125 0.69453125 0.02265625 0.03828125
0 0.51484375 0.7546875 0.12109375 0.26328125
0 0.20859375 0.76484375 0.02109375 0.040625
0 0.3875 0.78125 0.121875 0.275
0 0.45703125 0.78359375 0.02265625 0.034375
0 0.4796875 0.78828125 0.0140625 0.0296875
0 0.47421875 0.8578125 0.0234375 0.0546875
0 0.14296875 0.0890625 0.1375 0.178125
0 0.43203125 0.89140625 0.02578125 0.053125