0 0.76875 0.93203125 0.00859375 0.01875
0 0.4390625 0.13125 0.01328125 0.0234375
0 0.43984375 0.14921875 0.02734375 0.065625
0 0.01171875 0.4046875 0.0234375 0.034375
0 0.0140625 0.4671875 0.02734375 0.07109375
0 0.909375 0.4828125 0.01015625 0.01171875
0 0.93125 0.4890625 0.0859375 0.05546875
0 0.89921875 0.515625 0.06796875 0.07421875
0 0.88203125 0.51796875 0.01328125 0.015625
0 0.934375 0.51953125 0.0109375 0.0234375
0 0.0046875 0.525 0.009375 0.015625
0 0.01796875 0.52890625 0.03515625 0.059375
0 0.8984375 0.5734375 0.03828125 0.0609375
0 0.91015625 0.575 0.0109375 0.01875
0 0.43125 0.76953125 0.0296875 0.071875
0 0.425 0.79453125 0.01015625 0.01953125
0 0.12421875 0.85546875 0.01640625 0.0203125
0 0.1375 0.865625 0.0453125 0.053125
0 0.4015625 0.8703125 0.01015625 0.01875
0 0.4015625 0.87734375 0.02109375 0.053125
0 0.76015625 0.9015625 0.02890625 0.09140625