0 0.7671875 0.9453125 0.10625 0.109375
0 0.72265625 0.971875 0.01796875 0.03203125
0 0.29375 0.98046875 0.01953125 0.0390625
0 0.25546875 0.290625 0.10390625 0.13359375
0 0.221875 0.309375 0.021875 0.04296875
0 0.22734375 0.45625 0.14140625 0.1734375
0 0.1671875 0.4859375 0.01640625 0.0453125
0 0.38125 0.58515625 0.17421875 0.15
0 0.42890625 0.60078125 0.02109375 0.03671875
0 0.2578125 0.60546875 0.109375 0.20859375
0 0.21796875 0.65859375 0.0234375 0.04921875
0 0.29140625 0.74296875 0.10078125 0.1234375
0 0.29609375 0.76875 0.02109375 0.04609375
0 0.2546875 0.8234375 0.07890625 0.1203125
0 0.41640625 0.8359375 0.021875 0.04140625
0 0.3609375 0.86875 0.1921875 0.1609375