0 0.559375 0.9265625 0.02734375 0.06484375
0 0.75625 0.928125 0.01171875 0.0203125
0 0.6796875 0.9359375 0.0265625 0.109375
0 0.90078125 0.93828125 0.01015625 0.021875
0 0.84921875 0.94140625 0.01015625 0.025
0 0.56171875 0.94296875 0.01328125 0.02109375
0 0.89375 0.94375 0.04140625 0.07578125
0 0.2 0.9484375 0.01484375 0.025
0 0.81484375 0.94921875 0.02734375 0.05703125
0 0.85 0.94921875 0.03515625 0.0796875
0 0.81875 0.95703125 0.01015625 0.0203125
0 0.65625 0.26953125 0.09921875 0.05625
0 0.6234375 0.27890625 0.0140625 0.02109375
0 0.25625 0.35546875 0.09140625 0.05859375
0 0.21640625 0.36328125 0.01171875 0.021875
0 0.915625 0.4140625 0.05078125 0.05546875
0 0.92265625 0.4265625 0.01171875 0.02109375
0 0.00859375 0.446875 0.01328125 0.02421875
0 0.0375 0.4515625 0.07421875 0.0515625
0 0.678125 0.478125 0.0703125 0.06328125
0 0.66171875 0.49140625 0.01015625 0.021875
0 0.42109375 0.51328125 0.08359375 0.05390625
0 0.384375 0.51796875 0.01015625 0.0265625
0 0.09453125 0.51875 0.1109375 0.04375
0 0.35546875 0.51953125 0.0453125 0.06640625
0 0.0578125 0.5203125 0.01484375 0.021875
0 0.33984375 0.5359375 0.01328125 0.02578125
0 0.953125 0.58515625 0.01171875 0.021875
0 0.9390625 0.5875 0.04921875 0.06796875
0 0.83203125 0.61875 0.03359375 0.16875
0 0.83828125 0.65703125 0.0125 0.021875
0 0.50234375 0.67578125 0.11796875 0.11484375
0 0.4734375 0.69296875 0.0109375 0.021875
0 0.44453125 0.81953125 0.0484375 0.075
0 0.446875 0.8265625 0.01015625 0.02578125
0 0.6796875 0.90703125 0.0109375 0.02421875
0 0.21953125 0.91328125 0.05546875 0.09453125
0 0.7515625 0.9203125 0.02109375 0.04609375