0 0.78671875 0.940625 0.01328125 0.02109375
0 0.05703125 0.98671875 0.08203125 0.02578125
0 0.85078125 0.36328125 0.01171875 0.01875
0 0.8234375 0.375 0.084375 0.08671875
0 0.76015625 0.4453125 0.0515625 0.0796875
0 0.88671875 0.45546875 0.04296875 0.0734375
0 0.93828125 0.47109375 0.05 0.07578125
0 0.81953125 0.48125 0.00703125 0.01953125
0 0.79140625 0.5015625 0.06484375 0.065625
0 0.87265625 0.50625 0.0484375 0.06015625
0 0.76015625 0.5640625 0.04609375 0.06796875
0 0.8421875 0.56953125 0.0609375 0.07578125
0 0.91875 0.5875 0.0578125 0.10859375
0 0.8296875 0.59140625 0.00859375 0.02109375
0 0.80390625 0.6140625 0.06640625 0.08125
0 0.83359375 0.6390625 0.01171875 0.021875
0 0.83203125 0.653125 0.04375 0.08515625
0 0.77734375 0.06953125 0.0109375 0.01640625
0 0.74375 0.0734375 0.0890625 0.10625
0 0.7296875 0.765625 0.01015625 0.02421875
0 0.71640625 0.80859375 0.06015625 0.12890625
0 0.7671875 0.925 0.0578125 0.0703125