0 0.61015625 0.95078125 0.08515625 0.0984375
0 0.61796875 0.9515625 0.015625 0.03046875
0 0.89453125 0.45390625 0.01640625 0.03359375
0 0.9171875 0.4640625 0.07421875 0.06640625
0 0.92265625 0.5546875 0.04609375 0.1109375
0 0.9328125 0.55546875 0.01484375 0.025
0 0.7328125 0.59140625 0.046875 0.10703125
0 0.73671875 0.59609375 0.015625 0.034375
0 0.84921875 0.6203125 0.05234375 0.13515625
0 0.8359375 0.62421875 0.01640625 0.0296875
0 0.5953125 0.63125 0.03359375 0.07578125
0 0.62734375 0.64140625 0.01328125 0.028125
0 0.5890625 0.65078125 0.01015625 0.0203125
0 0.615625 0.65390625 0.04140625 0.1
0 0.71328125 0.66484375 0.08203125 0.0609375
0 0.478125 0.68046875 0.01171875 0.02109375
0 0.7953125 0.6859375 0.028125 0.115625
0 0.45 0.6859375 0.07265625 0.128125
0 0.53671875 0.6921875 0.01328125 0.01953125
0 0.53125 0.69296875 0.04453125 0.12109375
0 0.79296875 0.6984375 0.0140625 0.0234375
0 0.69609375 0.73515625 0.06796875 0.12578125
0 0.72109375 0.77109375 0.01328125 0.0265625
0 0.5703125 0.81640625 0.0578125 0.08515625
0 0.58046875 0.8234375 0.01171875 0.021875