0 0.403125 0.28125 0.09921875 0.06796875
0 0.26796875 0.28828125 0.09375 0.0953125
0 0.54921875 0.3625 0.01640625 0.0265625
0 0.15234375 0.3703125 0.01640625 0.03125
0 0.35546875 0.38046875 0.01640625 0.0203125
0 0.1265625 0.384375 0.12109375 0.0984375
0 0.33359375 0.384375 0.059375 0.07890625
0 0.584375 0.38515625 0.14296875 0.10703125
0 0.39140625 0.390625 0.05390625 0.13671875
0 0.24296875 0.4828125 0.078125 0.1046875
0 0.4484375 0.51796875 0.12421875 0.06796875
0 0.4171875 0.52421875 0.01484375 0.0203125
0 0.4234375 0.81171875 0.01640625 0.03203125
0 0.44765625 0.84765625 0.06171875 0.103125
0 0.55390625 0.8765625 0.06796875 0.08046875
0 0.565625 0.89375 0.01484375 0.0265625