0 0.365625 0.15625 0.01484375 0.0296875
0 0.3078125 0.19609375 0.0171875 0.028125
0 0.21796875 0.2109375 0.02421875 0.02890625
0 0.35546875 0.22109375 0.06875 0.271875
0 0.20859375 0.22734375 0.1109375 0.14921875
0 0.29921875 0.228125 0.05390625 0.1
0 0.24453125 0.26328125 0.01640625 0.03359375
0 0.23984375 0.278125 0.04921875 0.084375
0 0.15078125 0.3296875 0.07421875 0.11484375
0 0.18984375 0.03359375 0.0390625 0.0671875
0 0.1640625 0.36640625 0.01640625 0.03046875
0 0.5265625 0.36796875 0.10078125 0.12578125
0 0.55625 0.36796875 0.01796875 0.028125
0 0.4046875 0.03671875 0.096875 0.0734375
0 0.73984375 0.4671875 0.05390625 0.08828125
0 0.74765625 0.46875 0.0203125 0.02890625
0 0.4359375 0.53515625 0.06171875 0.10390625
0 0.44140625 0.565625 0.01640625 0.03359375
0 0.16015625 0.56640625 0.01953125 0.03828125
0 0.18515625 0.58515625 0.07421875 0.19609375
0 0.30546875 0.72578125 0.06015625 0.1109375
0 0.28828125 0.75390625 0.01796875 0.0296875