0 0.4078125 0.92890625 0.025 0.08828125
0 0.728125 0.9375 0.009375 0.015625
0 0.428125 0.11875 0.0625 0.05546875
0 0.428125 0.1375 0.01015625 0.01796875
0 0.36015625 0.4484375 0.0140625 0.01953125
0 0.33828125 0.45390625 0.09453125 0.05859375
0 0.55703125 0.46015625 0.0875 0.0515625
0 0.5078125 0.503125 0.0859375 0.065625
0 0.4140625 0.50625 0.07421875 0.065625
0 0.4734375 0.509375 0.0109375 0.0203125
0 0.25 0.51171875 0.09375 0.046875
0 0.2734375 0.51171875 0.01171875 0.015625
0 0.55 0.5828125 0.08515625 0.04921875
0 0.353125 0.60625 0.0890625 0.05703125
0 0.4296875 0.78984375 0.0109375 0.01875
0 0.428125 0.82734375 0.03203125 0.10078125
0 0.7234375 0.9109375 0.04609375 0.07578125
0 0.1296875 0.91484375 0.0140625 0.02421875
0 0.13125 0.91484375 0.0390625 0.0796875