0 0.353125 0.009375 0.04375 0.01875
0 0.415625 0.153125 0.08671875 0.04375
0 0.3203125 0.01796875 0.02890625 0.0359375
0 0.50703125 0.01796875 0.03203125 0.0359375
0 0.2765625 0.196875 0.01171875 0.01640625
0 0.24765625 0.20625 0.10234375 0.05703125
0 0.3734375 0.2125 0.06953125 0.04375
0 0.4046875 0.215625 0.00859375 0.01796875
0 0.31484375 0.2484375 0.01328125 0.02109375
0 0.20234375 0.2640625 0.07890625 0.046875
0 0.21875 0.265625 0.01171875 0.021875
0 0.29140625 0.271875 0.09453125 0.08125
0 0.82109375 0.03046875 0.03984375 0.06015625
0 0.3046875 0.33046875 0.0125 0.01875
0 0.28203125 0.3390625 0.0875 0.05390625
0 0.1765625 0.4125 0.01171875 0.015625
0 0.159375 0.425 0.09140625 0.08359375
0 0.43671875 0.04609375 0.01015625 0.02109375
0 0.4421875 0.05 0.0515625 0.059375
0 0.49609375 0.5640625 0.00859375 0.01875
0 0.478125 0.6 0.04453125 0.11328125
0 0.2 0.65078125 0.0078125 0.01640625
0 0.18359375 0.66328125 0.04140625 0.0546875
0 0.31484375 0.06796875 0.009375 0.021875
0 0.315625 0.06875 0.0421875 0.05078125
0 0.8328125 0.00703125 0.0125 0.0140625