0 0.19921875 0.26875 0.11640625 0.0890625
0 0.2234375 0.28125 0.0109375 0.02109375
0 0.075 0.31875 0.1078125 0.08125
0 0.10390625 0.33203125 0.01484375 0.02578125
0 0.67890625 0.34140625 0.125 0.05546875
0 0.646875 0.34453125 0.0140625 0.025
0 0.259375 0.35703125 0.11640625 0.053125
0 0.2890625 0.36171875 0.0125 0.02109375
0 0.83515625 0.378125 0.11328125 0.04296875
0 0.80390625 0.37890625 0.0125 0.0234375
0 0.678125 0.42890625 0.01484375 0.02421875
0 0.7 0.42890625 0.10703125 0.04140625
0 0.19765625 0.44140625 0.01328125 0.021875
0 0.16640625 0.446875 0.12890625 0.0515625
0 0.77890625 0.459375 0.01328125 0.0234375
0 0.81015625 0.465625 0.121875 0.0453125
0 0.584375 0.72578125 0.01015625 0.02578125
0 0.5859375 0.76953125 0.06328125 0.15546875
0 0.36484375 0.790625 0.01328125 0.02578125
0 0.48515625 0.81171875 0.03984375 0.0734375
0 0.3609375 0.815625 0.03984375 0.06796875
0 0.48203125 0.82109375 0.01328125 0.02890625