0 0.34140625 0.09375 0.04375 0.12109375
0 0.06171875 0.278125 0.07890625 0.06171875
0 0.08515625 0.28203125 0.01640625 0.0296875
0 0.18046875 0.315625 0.01015625 0.01796875
0 0.14921875 0.315625 0.07578125 0.0390625
0 0.521875 0.36171875 0.06328125 0.02578125
0 0.175 0.40859375 0.01328125 0.021875
0 0.1375 0.41015625 0.08828125 0.05390625
0 0.0328125 0.41875 0.065625 0.04921875
0 0.46640625 0.421875 0.01015625 0.01640625
0 0.5 0.425 0.0828125 0.0390625
0 0.61953125 0.42890625 0.09921875 0.05546875
0 0.0390625 0.43125 0.01328125 0.02109375
0 0.5875 0.43984375 0.01328125 0.02421875
0 0.528125 0.48125 0.08828125 0.03671875
0 0.5078125 0.48203125 0.00859375 0.02109375
0 0.346875 0.6359375 0.01171875 0.02109375
0 0.3625 0.65546875 0.04765625 0.06171875
0 0.421875 0.75546875 0.01484375 0.01875
0 0.425 0.76640625 0.04921875 0.0640625