0 0.271875 0.125 0.06328125 0.1296875
0 0.3765625 0.14140625 0.1046875 0.06953125
0 0.40546875 0.1421875 0.01171875 0.0234375
0 0.28046875 0.1453125 0.01328125 0.0203125
0 0.31796875 0.171875 0.065625 0.11953125
0 0.32578125 0.19609375 0.01015625 0.01796875
0 0.4 0.19921875 0.01328125 0.021875
0 0.3703125 0.203125 0.07265625 0.0734375
0 0.47890625 0.23828125 0.06640625 0.08984375
0 0.4203125 0.27109375 0.09296875 0.05625
0 0.50546875 0.27109375 0.01171875 0.0203125
0 0.30390625 0.3078125 0.10234375 0.08984375
0 0.5390625 0.31640625 0.06484375 0.09609375
0 0.334375 0.32421875 0.0140625 0.0265625
0 0.2359375 0.3296875 0.103125 0.0984375
0 0.26015625 0.33828125 0.01171875 0.021875
0 0.56640625 0.35390625 0.00703125 0.01640625
0 0.45078125 0.378125 0.08984375 0.08359375
0 0.2796875 0.05 0.01015625 0.0203125
0 0.25 0.05390625 0.12578125 0.04140625
0 0.37578125 0.71484375 0.09375 0.14296875
0 0.40078125 0.71875 0.01015625 0.02578125
0 0.44296875 0.084375 0.08515625 0.08203125