0 0.92578125 0.96640625 0.01328125 0.0234375
0 0.8953125 0.971875 0.09453125 0.05390625
0 0.00625 0.38125 0.01171875 0.01953125
0 0.9390625 0.38671875 0.01484375 0.0296875
0 0.02421875 0.3890625 0.04765625 0.06875
0 0.9265625 0.39296875 0.040625 0.08671875
0 0.028125 0.415625 0.0109375 0.01640625
0 0.0453125 0.4265625 0.04765625 0.059375
0 0.93125 0.49375 0.03359375 0.06015625
0 0.934375 0.49765625 0.01328125 0.0234375
0 0.98515625 0.4984375 0.0296875 0.13984375
0 0.0359375 0.50078125 0.00859375 0.01796875
0 0.99609375 0.50078125 0.00546875 0.02421875
0 0.053125 0.50625 0.04375 0.05859375
0 0.028125 0.55390625 0.03828125 0.103125
0 0.01796875 0.55625 0.01171875 0.0203125
0 0.9515625 0.5609375 0.04609375 0.07421875
0 0.95859375 0.57265625 0.0125 0.0234375
0 0.41796875 0.834375 0.028125 0.07578125
0 0.4125 0.86171875 0.00859375 0.01796875