0 0.03046875 0.940625 0.059375 0.04609375
0 0.51875 0.24296875 0.075 0.11015625
0 0.4921875 0.24453125 0.03515625 0.115625
0 0.34375 0.27421875 0.01015625 0.015625
0 0.33359375 0.27578125 0.03203125 0.05625
0 0.50078125 0.28125 0.0125 0.01953125
0 0.46953125 0.3109375 0.05859375 0.07109375
0 0.4921875 0.3171875 0.01015625 0.02109375
0 0.43828125 0.31796875 0.03359375 0.1
0 0.35625 0.3390625 0.0109375 0.01953125
0 0.43828125 0.34453125 0.01015625 0.02109375
0 0.39765625 0.34921875 0.01171875 0.01953125
0 0.35703125 0.35703125 0.02109375 0.06875
0 0.390625 0.36328125 0.03515625 0.05703125
0 0.47265625 0.39375 0.04296875 0.06484375
0 0.471875 0.403125 0.009375 0.01953125
0 0.54453125 0.8109375 0.03984375 0.05859375
0 0.55078125 0.8140625 0.009375 0.01953125