0 0.53828125 0.16328125 0.0203125 0.03828125
0 0.48203125 0.178125 0.13671875 0.13671875
0 0.33671875 0.234375 0.1015625 0.11796875
0 0.2421875 0.30390625 0.14140625 0.0984375
0 0.3 0.309375 0.01796875 0.0359375
0 0.33203125 0.35078125 0.0171875 0.03671875
0 0.48359375 0.0359375 0.01796875 0.034375
0 0.21875 0.35703125 0.01640625 0.02890625
0 0.465625 0.3609375 0.1515625 0.1203125
0 0.1890625 0.37734375 0.09921875 0.14140625
0 0.28984375 0.3796875 0.11328125 0.18359375
0 0.41640625 0.38359375 0.01484375 0.03515625
0 0.3078125 0.42890625 0.01640625 0.03203125
0 0.4125 0.4671875 0.015625 0.0359375
0 0.44140625 0.0484375 0.13984375 0.096875
0 0.28046875 0.4890625 0.11796875 0.1796875
0 0.36328125 0.540625 0.11875 0.20078125
0 0.63671875 0.62421875 0.01796875 0.0265625
0 0.60546875 0.66640625 0.12421875 0.2265625
0 0.01328125 0.7734375 0.0265625 0.1
0 0.00625 0.80390625 0.01171875 0.02578125