0 0.45859375 0.9296875 0.01015625 0.01484375
0 0.4796875 0.93359375 0.07578125 0.03515625
0 0.484375 0.196875 0.009375 0.015625
0 0.48125 0.21171875 0.0234375 0.05390625
0 0.125 0.4046875 0.009375 0.01484375
0 0.13125 0.40546875 0.034375 0.06875
0 0.12890625 0.46640625 0.01015625 0.015625
0 0.0734375 0.471875 0.01015625 0.01015625
0 0.0859375 0.471875 0.03515625 0.0390625
0 0.13671875 0.47421875 0.03203125 0.0515625
0 0.88671875 0.48203125 0.06171875 0.06171875
0 0.88125 0.48515625 0.0109375 0.01640625
0 0.95234375 0.4953125 0.01015625 0.01640625
0 0.9453125 0.51328125 0.0390625 0.08828125
0 0.140625 0.5546875 0.03203125 0.06875
0 0.8921875 0.55859375 0.0265625 0.05
0 0.8859375 0.56171875 0.009375 0.0140625
0 0.94609375 0.56640625 0.07890625 0.05859375
0 0.92890625 0.56796875 0.01171875 0.01484375
0 0.1328125 0.56875 0.009375 0.01640625