0 0.734375 0.22421875 0.10546875 0.10546875
0 0.771875 0.23125 0.01328125 0.0203125
0 0.625 0.26640625 0.09296875 0.0546875
0 0.66640625 0.2765625 0.01171875 0.0203125
0 0.7375 0.34453125 0.11328125 0.109375
0 0.6359375 0.353125 0.08203125 0.12578125
0 0.9359375 0.37109375 0.0640625 0.0484375
0 0.76484375 0.3765625 0.0140625 0.02109375
0 0.884375 0.378125 0.01015625 0.0203125
0 0.96328125 0.38125 0.009375 0.02109375
0 0.85625 0.38359375 0.1078125 0.09453125
0 0.659375 0.39609375 0.01171875 0.02109375
0 0.89765625 0.4140625 0.10390625 0.05546875
0 0.74375 0.48203125 0.08515625 0.06953125
0 0.76171875 0.4984375 0.0109375 0.0203125
0 0.45 0.69765625 0.06953125 0.0859375
0 0.46796875 0.71328125 0.01171875 0.0203125