0 0.103125 0.1046875 0.03515625 0.0453125
0 0.0640625 0.0546875 0.028125 0.0390625
0 0.0328125 0.0453125 0.0140625 0.03125
0 0.0171875 0.21484375 0.034375 0.0421875
0 0.028125 0.33828125 0.0453125 0.04140625
0 0.590625 0.7828125 0.0953125 0.0921875
0 0.61796875 0.646875 0.0953125 0.0546875
0 0.615625 0.5453125 0.06640625 0.0609375
0 0.6390625 0.45 0.05234375 0.04921875
0 0.59765625 0.38515625 0.0703125 0.034375
0 0.621875 0.32578125 0.053125 0.05
0 0.6578125 0.278125 0.06015625 0.03984375
0 0.6703125 0.22734375 0.05 0.04140625