0 0.471875 0.1125 0.06328125 0.03984375
0 0.41328125 0.14921875 0.05859375 0.0359375
0 0.38671875 0.190625 0.06328125 0.03671875
0 0.01875 0.2109375 0.0375 0.03359375
0 0.36015625 0.23046875 0.07421875 0.03671875
0 0.32109375 0.2859375 0.0421875 0.0296875
0 0.29921875 0.33984375 0.06171875 0.04453125
0 0.278125 0.41328125 0.0640625 0.0578125
0 0.2328125 0.5125 0.08125 0.05078125
0 0.1859375 0.63046875 0.11953125 0.0609375
0 0.1484375 0.06875 0.0203125 0.0359375
0 0.1234375 0.76953125 0.1390625 0.07421875