0 0.7046875 0.15703125 0.04296875 0.02890625
0 0.059375 0.1859375 0.0375 0.04453125
0 0.68125 0.19453125 0.04296875 0.0359375
0 0.65078125 0.221875 0.0546875 0.0453125
0 0.6515625 0.2703125 0.0109375 0.0125
0 0.6671875 0.278125 0.0421875 0.03125
0 0.51484375 0.30078125 0.0796875 0.0421875
0 0.0375 0.321875 0.0546875 0.053125
0 0.0171875 0.33984375 0.00859375 0.01328125
0 0.54140625 0.3578125 0.075 0.04921875
0 0.56953125 0.42421875 0.01015625 0.01640625
0 0.59140625 0.44765625 0.0578125 0.078125
0 0.5796875 0.51640625 0.00859375 0.01328125
0 0.6 0.521875 0.07265625 0.0390625
0 0.66796875 0.64140625 0.1140625 0.04921875
0 0.6703125 0.80078125 0.14609375 0.08359375