0 0.36328125 0.1359375 0.0609375 0.0265625
0 0.4921875 0.1765625 0.03203125 0.0359375
0 0.38984375 0.18125 0.07265625 0.0203125
0 0.43828125 0.18671875 0.034375 0.03984375
0 0.49453125 0.23046875 0.03359375 0.04296875
0 0.4578125 0.35703125 0.07421875 0.0390625
0 0.49921875 0.4046875 0.06796875 0.03203125
0 0.546875 0.48359375 0.07265625 0.0421875
0 0.6015625 0.57421875 0.0875 0.06875
0 0.6390625 0.69921875 0.1046875 0.06875
0 0.7375 0.83125 0.13203125 0.04921875
0 0.41484375 0.1015625 0.025 0.04296875