0 0.52421875 0.34296875 0.00703125 0.01015625
0 0.51015625 0.34296875 0.04453125 0.0375
0 0.5484375 0.3671875 0.00703125 0.01015625
0 0.5328125 0.37421875 0.05078125 0.0375
0 0.559375 0.3953125 0.0515625 0.0265625
0 0.59609375 0.43203125 0.0078125 0.01015625
0 0.57890625 0.43671875 0.053125 0.02890625
0 0.6546875 0.47734375 0.04609375 0.04140625
0 0.65703125 0.51640625 0.0109375 0.0125
0 0.63671875 0.51796875 0.0578125 0.04453125
0 0.665625 0.5796875 0.0109375 0.0109375
0 0.64609375 0.58203125 0.0609375 0.0359375
0 0.6875 0.65625 0.00859375 0.0140625
0 0.66015625 0.66640625 0.07265625 0.03984375
0 0.7109375 0.7546875 0.09375 0.06015625
0 0.72890625 0.86484375 0.1 0.05234375