0 0.453125 0.928125 0.15 0.08671875
0 0.453125 0.69765625 0.1203125 0.0796875
0 0.4578125 0.5859375 0.1203125 0.06015625
0 0.45625 0.46015625 0.10703125 0.053125
0 0.45 0.3609375 0.0921875 0.05078125
0 0.4328125 0.271875 0.0859375 0.06015625
0 0.4359375 0.20859375 0.07265625 0.0453125
0 0.46328125 0.13046875 0.0703125 0.04765625
0 0.49765625 0.0421875 0.0796875 0.01796875
0 0.4796875 0.096875 0.0671875 0.028125
0 0.96953125 0.1203125 0.0265625 0.05859375
0 0.99140625 0.09296875 0.01640625 0.04765625