0 0.3 0.1015625 0.04453125 0.065625
0 0.82734375 0.10859375 0.0109375 0.02109375
0 0.30859375 0.109375 0.01171875 0.01953125
0 0.11171875 0.121875 0.01015625 0.01640625
0 0.84765625 0.1484375 0.07734375 0.10625
0 0.80625 0.25859375 0.0640625 0.096875
0 0.7296875 0.28828125 0.0546875 0.09140625
0 0.784375 0.290625 0.009375 0.01875
0 0.709375 0.32421875 0.0109375 0.0203125
0 0.74140625 0.33125 0.01328125 0.01640625
0 0.7453125 0.3359375 0.01953125 0.04609375
0 0.78125 0.34453125 0.065625 0.06875
0 0.696875 0.3515625 0.06015625 0.11953125
0 0.75390625 0.36796875 0.00859375 0.01953125
0 0.7828125 0.39921875 0.04453125 0.08359375
0 0.72421875 0.40390625 0.009375 0.01875
0 0.60703125 0.04296875 0.0234375 0.03203125
0 0.77109375 0.43046875 0.01015625 0.02890625
0 0.8 0.45390625 0.06640625 0.084375
0 0.7734375 0.471875 0.01015625 0.01640625
0 0.6109375 0.04921875 0.00859375 0.01484375
0 0.5796875 0.05390625 0.053125 0.06875
0 0.521875 0.55234375 0.03984375 0.075
0 0.52890625 0.578125 0.00859375 0.01953125
0 0.59375 0.06953125 0.009375 0.0140625
0 0.70859375 0.69453125 0.0078125 0.01640625
0 0.7 0.71953125 0.03984375 0.0890625
0 0.50859375 0.0765625 0.0484375 0.07890625
0 0.51875 0.08984375 0.01015625 0.01640625
0 0.1234375 0.08984375 0.03828125 0.128125