0 0.16171875 0.09296875 0.01015625 0.01953125
0 0.1703125 0.09921875 0.03828125 0.0703125
0 0.3390625 0.10078125 0.00859375 0.01875
0 0.4359375 0.153125 0.08203125 0.0640625
0 0.41015625 0.15703125 0.009375 0.01640625
0 0.21640625 0.01953125 0.059375 0.0390625
0 0.3890625 0.02109375 0.0109375 0.0203125
0 0.3359375 0.28359375 0.0421875 0.10859375
0 0.3203125 0.30703125 0.00859375 0.01953125
0 0.63828125 0.3328125 0.01015625 0.015625
0 0.66484375 0.35390625 0.1 0.0703125
0 0.40625 0.0375 0.05234375 0.075
0 0.73125 0.39453125 0.0578125 0.11640625
0 0.671875 0.04140625 0.0359375 0.06015625
0 0.4703125 0.04296875 0.07109375 0.05625
0 0.72421875 0.43125 0.009375 0.01640625
0 0.39765625 0.43671875 0.07890625 0.0734375
0 0.2625 0.4390625 0.01015625 0.01953125
0 0.3640625 0.44609375 0.01015625 0.015625
0 0.665625 0.046875 0.0109375 0.01875
0 0.2625 0.48984375 0.025 0.1796875
0 0.44140625 0.053125 0.01015625 0.01640625
0 0.1109375 0.60859375 0.00859375 0.01484375
0 0.140625 0.62265625 0.0671875 0.06015625
0 0.44765625 0.64453125 0.09140625 0.0484375
0 0.41796875 0.646875 0.01015625 0.021875
0 0.47421875 0.71640625 0.06953125 0.08984375
0 0.44375 0.7296875 0.01015625 0.01640625
0 0.62578125 0.07578125 0.009375 0.01484375
0 0.62734375 0.08046875 0.028125 0.0609375
0 0.3359375 0.0828125 0.02890625 0.09140625
0 0.19609375 0.00859375 0.0109375 0.0171875
0 0.58125 0.834375 0.0640625 0.05078125
0 0.55390625 0.83671875 0.01015625 0.01640625
0 0.24453125 0.8859375 0.05703125 0.05625
0 0.22265625 0.9046875 0.0109375 0.01640625